SampleID	Methylobacterium	Pseudomonas-4	Pseudomonas-3	Unclassified Microbacteriaceae	Paenibacillus	Pseudomonas-2	Unclassified Enterobacteriaceae	Sphingomonas	Pseudomonas-1	Allorhizobium-Neorhizobium-Pararhizobium-Rhizobium-2	Pantoea	Allorhizobium-Neorhizobium-Pararhizobium-Rhizobium-1	Pseudomonas-5
S01-H0			1	11		2	5	30	379	3	21	4	5
S01-H24			1	1			2		15		694		
S02-H0		3				11	9	13	3		167		
S02-H24	5	11	12		2	7	35	1	47		195	5	
S03-H0	1	3		3		12	97	3	20		80	1	3
S03-H24		1	2				35				438		
S04-H0	1		197			4	31	3	471		192		
S04-H24						1	3		5		819		
S05-H0		1	12	3	1		11	4	239		677	1	
S05-H24	2	1		7	7	48	36	12	95		150		
S06-H0		1	1			1	17	9	14		915		
S06-H24				2		374	251	1	293		16	3	
S07-H0	1	1		10	8	14	17	28	35	1	54	1	1
S07-H24					12	5	118	2	301		133		
S08-H0			10	19	6	28	50	36	74		105	9	
S08-H24		13	5			6	16	3	26		90	6	
S09-H0	1	1	8	15	3	2	94	50	69	8	17	2	
S09-H24		6				2	17	35	58	2	40		
S10-H0	1		1	5		2	5	16	3	1	4	2	
S10-H24		2	1	2		1	8	4	5		24		
S11-H0	2		5	9		13	12	46	59	9	60	2	19
S11-H24	7	3	2	3	1	2	17	7	194		94	4	5
S12-H0		7	24	13	123	15	63	20	103		360	8	2
S12-H24					93	8			109		722	1	
S13-H0	8	17		11	2	155	2	104	29	1	26	11	62
S13-H24	3	1		1		838		7	1		15		
S14-H0	1		7	8	1	6	5	10	20		22	2	1
S14-H24	1	3	6			3	10	1	47		27		
S15-H0			12	12	16	1	64	19	219	1	152		
S15-H24			169		1	2	1	4	694		76		
S16-H0		2		71			2	158	11	4			
S16-H24	1	15		8	1	4	10	129	137	7	171		
S17-H0			2	28		7	11	58	11	1	2		
S17-H24		2	7	3	1	6	18	11	80	12	39		
S18-H0		99	12	3	15	8	22	5	89	1	676	5	10
S18-H24			12			1	1		265		1	1	2
S19-H0	1	132	3	8	4	78	6	30	110	1	326		8
S19-H24					11				8		8		
S20-H0	5	7	8				10	13	46		28	3	
S20-H24	8		11		14		8	7	39		50		
S21-H24					7			1	4		11		
S22-H0	4	8		18			3	86	19	2	19	4	
S22-H24	3	7	1	19		2	6	56	125		99	4	
S23-H0	2	6	2	17		3	5	50	22	4	36	3	
S23-H24			33	6	5		29	45	42		133		
S24-H0	3	24				1	11	12	11		38		
S24-H24		42	1			1			9		445		
S25-H0	1		62	7	10		17	82	270	9	270		
S25-H24			42	1	18	2	3	27	331	6	244	2	
S26-H0			209						12		12		
S26-H24		4	465				5		91		278		2
S27-H0		16	20		13		91	12	33	2	59		
S27-H24	7	3	34		2		1	20	29		290		
S28-H0							903		1		5		
S28-H24			1				94		1		2		
ERR2640150					1								
ERR2640151													
ERR2640152													
ERR2640153					2								
ERR2640154													
ERR2640155													
ERR2640156													
ERR2640157													
ERR2640158					1								
ERR2640159													
ERR2640209													
ERR2640210													
ERR2640211					1								
ERR2640212													
ERR2640213													
ERR2640214													
ERR2640215													
ERR2640216													
AST1a			41	43	22	10	20	49	42		376	7	13
AST1b			26	7	50	52	18	277	249	4	20	29	4
AST1c			83	28	87	21	16	416	77		67	2	4
AST2a			8	10	15	2	382	12	105		53	3	3
AST2b		2		23	2	3	65	44	4		31	4	
AST2c			3	37	11	10	202	95	45	1	250	5	
AST3a		3	8	4	1	70	501	52	51		45	4	8
AST3b				5	4	1	153	23	4		677		38
AST3c		16	9	7	6	1	31	46	57		538		2
AVI1a		1	4	10	110	14	220	10	256		134	2	25
AVI1b			2	10	44	3	8	10	28		843	3	4
AVI1c			3	15	23	10	126	18	23		27		498
AVI2a		1	1	39	8	7	25	107	41	5	137	11	14
AVI2b			308	3	105	1	452	10	16		31	3	4
AVI2c	1		3	26	1	173	18	86	20		156	9	12
AVI3a		4	3	8	2	65	13	44	15	1	38	1	5
AVI3b	1		15	12	6	6	34	85	167	2	47	2	8
AVI3c		2	5	3	2	14	11	18	3	3	320		397
BOS1a				13	4	4	525	56	61		98	2	6
BOS1b			7	3		2	10	20	23		799	9	4
BOS1c			26	3	1	20	6	5	1		527		12
BOS2a		8	14	14	7	19	226	28	104	1	431	1	3
BOS2b				6	4		132	3	106	1	709		1
BOS2c			1	3	4		110	3	99		731		5
BOS3a		63	11	5	6	33	255	21	23	4	103		7
BOS3b		2	39			34	12	2	75		706		8
BOS3c			1	1	8	1	8	39	49		773		1
COL1a			3	11	33	42	16	9	116		338	2	7
COL1b			2	1	17	2	99	2	12		811		
COL1c		3	5	12	19	58	327	21	152		121	2	98
COL2a		2	9	15	11	226	179	20	31	1	237		62
COL2b			3	6	25	6	60	41	52	1	349	2	12
COL2c			9	19	8	10	46	98	114	1	338	3	9
COL3a			7	3	5	15	14	9	224		340		14
COL3b		1	3		4	481	53	2	18		33	1	31
COL3c					1	196	49		14		632		23
EXP1a			2	3	6	7	12	3	176		660	2	2
EXP1b			2	3		3	6	31	880		11		
EXP1c				1			1	1	4		978		
EXP2a			7	20	2	5	319	24	48		250	2	127
EXP2b			2	11	3	107	14	16	10		628	3	2
EXP2c			5	14	11	3	15	44	397		245	3	
EXP3a			4	2	21	134	324	3	18		345		88
EXP3b			8	1	10	3	563	7	24		262		20
EXP3c			3	4	12	59	33	4	25		698	3	1
MAJ1a			10	4	29	62	59	10	41		578	3	1
MAJ1b		2	3	2	34	39	268	13	380		183	1	32
MAJ1c				6	139	2	694	7	33		61	7	4
MAJ2a			5	4			39	185	30		500	1	4
MAJ2b			2	10	53	17	51	45	176	1	411	1	18
MAJ2c			19	8	9	32	99	21	20		608	3	3
MAJ3a			2		8	1	6	7	12		736		
MAJ3b			3	6	19	13	28	19	210		62	2	10
MAJ3c			8	2	5	6	257	11	320		45	3	
MOH1a			1	2	1	129	17	8	2		671		
MOH1b			1	1	10	3	26	6	90		809	4	2
MOH1c			13	39	54	6	91	128	367		127	4	6
MOH2a			3	5	95	6	13	11	43		644		2
MOH2b			5	12	20		16	39	99		682	2	3
MOH2c			9	37	10	5	14	109	43	2	186	5	9
MOH3a			2	1	9	1	20	16	11		838	1	
MOH3b		3	20	4	52	219	251	26	56		37	1	15
MOH3c			4		1	15	137	3	5		786		1
TEN1a			8	10	13	3	11	27	14		808		4
TEN1b			12		21	16	383	6	21		211	6	92
TEN1c			29		25	16	293	4	10		411	4	55
TEN2a			7	16	41	13	122	54	36		217	1	22
TEN2b	3		4	27	14	3	18	71	28		81	4	8
TEN2c			108	35	34	18	124	52	38	3	240	8	36
TEN3a			3	2	9	36	421	17	298		29		
TEN3b		1		4	2	5	35	9	27		10	2	1
TEN3c				3	1	40	3	16	6		770	2	
ZOR1a		5	16	10	36	260	21	14	31		504	1	35
ZOR1b			9	2	200	14	515	4	79		32		97
ZOR1c		4	10	8	13	42	328	38	9		368	7	27
ZOR2a			4		66	2	13	5	55		826		
ZOR2b			9	47	89	5	43	57	162		437		3
ZOR2c			4	1	13	5	9	19	12		866	1	
ZOR3a				1	1	4	12	1			973		
ZOR3b			5	6	6	12	510	31	213		85		2
ZOR3c			1	5	21	25	185	15	69		92	2	6
16S-1Bristol-F11	1			202		5		215	46	28	11	8	
16S-2Bristol-G11	1	2		203		4	1	233	29	27	11	10	
16S-3Bristol-H11		1		195		2	2	210	29	16	18	8	1
16S-B13T6P1-C07	1			17				15	545	6	9		
16S-B13T6P2-D07				1		2	11	2	827		17		
16S-B13T6P3-E07	4		13	9		6		52	321	21	9		
16S-B13T6P4-F07	2			1		99	6	2	23				
16S-B13T6P5-G07				28		13	7	48	121	2	15		
16S-B13T6P6-H07				1		2		4	2				
16S-B13T6P7-A08	2		10	17		8	49	69	58		51	13	
16S-B14T6P1-H09	1			26	7	6	32	62	54	6	84		
16S-B14T6P2-A10					1	4	3	4	4		6		
16S-B14T6P3-B10				18		20	20	64	27	5	13		
16S-B14T6P4-C10				7		26	17	17	7		6		
16S-B14T6P5-D10													
16S-B14T6P6-E10			8	10		2	1	12	13	1	8		4
16S-B14T6P7-F10			3	11		7	9	55	14		18	9	
16S-B19T6P1-G10				24		9	5	68	8	7	47	2	
16S-B19T6P2-H10				11		11		30	6	5	49		
16S-B19T6P3-A11				24		7		15		4	20		
16S-B19T6P4-B11		4	10		36	92	764	2	7		10		6
16S-B19T6P5-C11					43	20	56	2	45	6			
16S-B19T6P6-D11			7			5	63	95	2	2	4		
16S-B19T6P7-E11			38		3	29	322	58	6	1	8	1	2
16S-B1T6P1-A09								2				1	869
16S-B1T6P2-B09	1		1	30	3	10	10	62	5	4	31	2	257
16S-B1T6P3-C09			26								885		
16S-B1T6P4-D09			20	1	1		2	4	64		713		8
16S-B1T6P5-E09	2	5	11	12		11	55	17	10		30	4	353
16S-B1T6P6-F09			253	15	8	23	42	27	55	5	70		25
16S-B1T6P7-G09			19	6	14	6	4	91	14	5	16	6	18
16S-B20T6P1-B08				1			5	3	3				
16S-B20T6P2-C08	4		6	14		3		34	24	7	10		
16S-B20T6P3-D08	3			15		13	2	30	15	6	1		
16S-B20T6P4-E08	2	5		11		12	6	24	10	5	21	5	
16S-B20T6P5-F08				14	2	3		49	103	10	4		
16S-B20T6P6-G08						294		2			550		
16S-B20T6P7-H08				1		3		1	1		840		
16S-B5T6P1-D06			1	17		2	15	20	4		27	3	
16S-B5T6P2-E06				8			13	7	20	1	10		
16S-B5T6P3-F06			8	25		4	29	35	55		26		
16S-B5T6P4-G06	1		14	15		17	22	76	58	3	21	1	
16S-B5T6P5-H06					1	2			7		24		
16S-B5T6P6-A07	1			3		4	7	7	5	2	9		
16S-B5T6P7-B07	3			35		11	11	54	25	5	38	9	
B22-1									174				
B22-2							4		201				
B28-1							41		209		15		
B28-2									283				
B28-3								1	244				
B35-1									245				
B35-2									305				
B35-3									295				
B42-1				6				2	271		7		
B42-2				5					293		5		
B42-3				3			47	2	280		12		
R-39-1							38				223		98
R-39-2					41		124		99		638	5	18
R18-1								4	33				96
R25-1											25		183
R25-2								1			143		509
R25-3									39				112
R32-1			4			41	443		11		172		241
R32-2											11		161
R32-3							2				861		30
R46-1							27	5			695	2	85
R46-3						10					954		7
R53-1			6				4		9		940		27
R53-2								26	85		56		
R67-3					2		872	2	5		72		9
16S-AP-NIC-D-1000			353		87	11			8		432	4	
16S-AP-NIC-ND-1000		10	111	5	8	89	13	34	207	4	191	16	37
16S-AP-PIG-D-1000			125		170	59			350		23		44
16S-AP-PIG-ND-966		29	94	4	58	40		4	77	1	35		23
16S-AP-VEL2-D-1000				2	689	14							49
16S-AP-VEL2-ND-1000		28		1	214	9			3		1		9
16S-AP-Veluwe-D-1000			63	2	550	24	1	5	3		74		6
16S-AP-Veluwe-ND-1000				2	75	9	97		93		585		8
16S-AT-ARN-D-1000			7	2	579	29			6		265		46
16S-AT-ARN-ND-1000				1	699	65	4	4	43		1		98
16S-AT-BOU-D-1000				12	770	56			5				25
16S-AT-BOU-ND-1000				6	591	19			4		2		12
16S-AT-DOM-D-1000	2			8	817	66		1	5		3		38
16S-AT-DOM-ND-1000	7			4	573	11		3		2			28
16S-AT-LM-D-1000	8			9	853	39	3		2				40
16S-AT-LM-ND-1000	15		4	7	783	63	1	8	1		2		32
16S-BI-JUI-D-1000			177		11	5			9		737		1
16S-BI-JUI-ND-977			15		7	13	2		36		879		
16S-BN-BOU5-D				1	607	108	15		15		4		125
16S-BN-BOU5-ND	1	2	9	4	29	140	163	13	154	40	81	20	7
16S-BV-JUI-D-1000		6			265	17			7		642	1	3
16S-BV-JUI-ND-1000		24	18		113	6			9		801		2
16S-CB-ARN-D-1000				1	829	28							24
16S-CB-ARN-ND-1000				4	232	8	4					4	712
16S-CB-BOU-D-1000				6	758	16	2		2				41
16S-CB-BOU-ND-1000	3	7	506	1	183	86		10				9	21
16S-CH-ARN-D-1000			19	1	585	114	1	3	20		1	12	153
16S-CH-ARN-ND-965	1		15	1	269	84						17	67
16S-CH-DOM-ND-1000					179				167				94
16S-EV-ARN-D-1000	1			2	798	40			8		38	5	35
16S-EV-ARN-ND-1000			13	9	747	55	4	2	8				45
16S-EV-BOU-D-1000		2	17	12	674	25		1	49		119	6	27
16S-EV-BOU-ND-1000	11			1	832	48	1		4				29
16S-RS-C-D-1000							5		16		952	4	8
16S-RS-C-ND-1000		1			2	37	36		4		721	26	101
16S-RS-PON-D-1000				3	350	25			59		496		24
16S-RS-PON-ND-1000			1		23	3		4	317	6	583	31	3
16S-SA-ANG-D-1000			3	1	582	107	5		2		191		66
16S-SA-ANG-ND-704		2	36	1	42	3			19		879		3
16S-SA-LM-ND-1000		8	24	9	24	7	55	11	324	7	133	14	5
SRR8857592	3											309	
SRR8857593	13											325	
SRR8857594	2											860	
SRR8857595	1											748	
SRR8857596	15											563	
SRR8857597	8											391	
SRR8857598	7											402	
SRR8857599	7											170	
SRR8857600	21											318	
SRR8857601	15						1					246	
SRR8857602	4											796	
SRR8857603												565	
SRR8857604	7											539	
SRR8857605	39											148	
SRR8857606	5											783	
SRR8857607	3											477	
SRR8857608	9						5					477	
SRR8857609	20											420	
SRR8857610												801	
SRR8857611	18											226	
SRR8857612	14											588	
SRR8857613	24											417	
SRR8857614	11											322	
SRR8857615	2											609	
16S-01-a-A02					2	3	44	27			12	6	3
16S-01-b-B02					1	3	44	11			25	4	
16S-02-a-C02							39	24	5		17	2	1
16S-02-b-D02				2	1		41	16	4		17	1	1
16S-03-a-E02	2			1	1	15	10	47	3		5		
16S-03-b-F02				5		6	20	33	5		24		
16S-04-a-G02	5			9			22	73	2		7	5	6
16S-04-b-H02				2			15	92			4	11	
16S-05-a-A03													
16S-05-b-B03													
16S-06-a-C03							375						
16S-06-b-D03							396				2		
16S-07-a-E03							438						
16S-07-b-F03							447				1		
16S-08-a-G03							456						
16S-08-b-H03							479						
16S-09-a-A04							472						
16S-09-b-B04							471						
16S-10-a-C04							344						
16S-10-b-D04							308				4		
16S-11-a-E04							35						
16S-11-b-F04							28						
16S-12-a-G04						267	33						
16S-12-b-H04						311	40						
16S-13-a-A05						178	62						
16S-13-b-B05	1					214	48						
CAL-FA-FA2012-1-16S-17		281	537						2		11		1
CAL-FA-FA2012-2-16S-22		404									562	14	
CAL-FA-FA2012-3-16S-38		993											
CAL-FA-HI2012-1-16S-14		850		1							125		3
CAL-FA-HI2012-2-16S-21		46	9	3	1	8	4	12	87	1	17	7	1
CAL-FA-HI2012-3-16S-36		586	24		1	1	115		11		43		3
CAL-JM-HI2012-1-16S-12		3	1					3	1		9		
CAL-JM-HI2012-2-16S-24	3	211	24	19	8	18	3	39	27	2	89	1	1
CAL-JM-HI2012-3-16S-36	1	106	4	11	6	2	1	30	15		71	6	
CAL-JM-JM2012-1-16S-15	1	247	1	6	3	115	5	22	34	5	148	5	10
CAL-JM-JM2012-2-16S-21		984		1		1					4		
CAL-JM-JM2012-3-16S-34		15			1	4	1	8	2		18		
FLA-CH-VI2012-1-16S-na		3	3	1		1	6	3	3		21		
FLA-CH-VI2012-2-16S-na		10	4	1	1	1	8	4	1	1	39		
FLA-CH-VI2012-3-16S-na		1									992		
FLA-FR-VI2012-1-16S-na		1				1		2			978		
FLA-FR-VI2012-2-16S-na		21	15	3		4	4	14	6		24	1	1
FLA-FR-VI2012-3-16S-na		13	9	9		6	3	23	18	2	18	2	
FLC-FA-FA2012-1-16S-11		13	3			1	14		369		1	4	
FLC-FA-FA2012-2-16S-24		140	1			408	247		11		7		80
FLC-FA-FA2012-3-16S-37		175	19	2	3	9	7	7	24	4	13	7	2
FLC-JM-JM2012-1-16S-13	1	118	5	19		13	5	71	93	1	65		
FLC-JM-JM2012-2-16S-25	6	76	2	17	18	17	13	33	20	7	72	2	5
FLC-JM-JM2012-3-16S-32		30	2	5	2	6	608	19	7		128	6	6
RDB-FA-FA2012-1-16S-13		918	12		40		2				16		
RDB-FA-FA2012-2-16S-27		96	48		5	2	100		99		14		
RDB-FA-FA2012-3-16S-33		941					16				34		
RDB-JM-JM2012-1-16S-14		997											
RDB-JM-JM2012-2-16S-22		127	6	9	20	15	38	15	40	1	381	1	7
RDB-JM-JM2012-3-16S-31	1	44	4	32	5	9	18	46	18	4	23	5	
RDC-JM-JM2012-2-16S-23		88	9	15	71	25	26	44	13	2	177	3	9
RDC-JM-JM2012-3-16S-33		527	2	2	1		6	8	5	1	355	1	1
RDC-PC-PC2012-1-16S-na		547		1				3		1	409	1	
SES-FA-FA2012-1-16S-18		945	2				4		1		16	1	2
SES-FA-FA2012-1-16S-na		4					2				747		
SES-FA-FA2012-2-16S-29		94	3	2	1	15	12	4	8	1	92	4	5
SES-FA-FA2012-3-16S-34		926					1		1		46		
SES-FA-MB2012-1-16S-na		3									638		
SES-JM-JM2012-1-16S-11		163	6	14	67	8	14	21	45	2	202	2	3
SES-JM-JM2012-2-16S-26		990						2			3		
SES-JM-JM2012-3-16S-35		425	7	8	19	6	5	18	9	3	69		2
SES-MB-BM2012-1-16S-na		364	6			2		4	5	4	7	107	2
SES-MB-FA2012-1-16S-na		956				4					3		9
SES-MB-MB2012-1-16S-na		1		1	1		1				19		
SRR3612424			382						235		23		
SRR3612441		388											
SRR3612446													
SRR3612447													
SRR3612465											9		
SRR3612933	2												
SRR3612945								121			125		
SRR3612948			345						250	1	32		
SRR3612964		372											
SRR3612973		1											
SRR3612974											1		
SRR3612983													
SRR3612993											14		
SRR3613002											10		
SRR3613030	6	53					51				12		
SRR3613037	5												
SRR3613056											14		
16SAF1						14					2		
16SAF3		2				7	2	2					
16SAF4		8				96	10				4		
16SAF6		24				59	17				40		
16SAF8		2				22					5		
16SBF1						4					1		
16SBF2						4							
16SBF2a													
16SBF3	1	1				8			1				
16SBF4						24					4		
16SBF5		6				10	1		1	2			
16SBF6												1	
16SBF6a													
16SBF7						7							
16SBF7a													
16SBF8		10		2		25	5		3		7		
16SBF9						8			5	3	2		
16SBS1		1				1							
16SBS2		8		7		5					16		
16SBS3						2							
16SBS4						5							
16SBS6						26			5				
16SBS7	1	2				8					11		
16SBS8						21							
16SBS9						35	4						
16SHS1		14				9					8		
16SHS2	4					8							
16SHS3		3				7					4		
16SHS4						29					5		
16SHS5						29							
16SHS6	5					5	2				56		
16SHS9				3		40		28					
HB31-B1-F03						1					44		
HB31-B2-G03						3					113		
HB31-B3-H03											120	1	
HB31-P1-D07						2					97		
HB31-P2-E07											114		
HB31-P3-F07						3					49		
HB35-B1-A04											147		
HB35-B2-B04											107		
HB35-B3-C04											89		
HB35-P1-G07				1		1					118		
HB35-P2-H07						6					126		
HB35-P3-A08											128		
HB37-B1-D04					1						104		
HB37-B2-E04						1		2			96		
HB37-B3-F04											92		
HB37-P1-B08						2					137		
HB37-P2-C08											112		
HB37-P3-D08						2					95		
HB39-B1-G04								1			87		
HB39-B2-H04						2					94		
HB39-B3-A05											130		
HB39-P1-E08											103		
HB39-P2-F08						1					139		
HB39-P3-G08						6					65		
HB41-B1-B05						2					144		
HB41-B2-C05						1					132		
HB41-B3-D05								1			122		
HB41-P1-H08						2					141		
HB41-P2-A09											127		
HB41-P3-B09						1					93		
HB42-B1-E05											100		
HB42-B2-F05						2		1			91		
HB42-B3-G05									1		89		
HB42-P1-C09											92		
HB42-P2-D09						6					77		
HB42-P3-E09								1			81		
HB43-B1-H05						1					117		
HB43-B2-A06						1					113		
HB43-B3-B06						2					104		
HB43-P1-F09											80		
HB43-P2-G09						1					68		
HB43-P3-H09						4					63		
HB44-B1-C06						2					95		
HB44-B2-D06										2	73		
HB44-B3-E06								2			78		
HB44-P1-A10											138		
HB44-P2-B10						2					129		
HB44-P4-F10											40		
HB45-B1-F06											100		
HB45-B2-G06											110		
HB45-B3-H06											119		
HB45-P0-C10											116		
HB45-P1-D10						1		1			112		
HB45-P2-E10						2					85		
MS1-H1-G10											81		
MS1-R1-F12											111		
MS10-R1-D12													
MS2-H1-H10						2					95		
MS2-R1-G12						1					119		
MS3-H1-A11											136		
MS3-R1-H12						2		2			103		
MS4-H1-B11											116		
MS4-R1-F11						2					130		
MS5-H1-C11						2					128		
MS5-R1-G11								1			167		
MS6-H2-E11											102		
MS6-R1-H11											136		
MS7-H1-F11									1		102	1	
MS7-R1-A12											116		
MS8-H1-G11						2					107		
MS8-R1-B12											108		
MS9-H1-H11			1								103		
MS9-H10-A12				77				2		3	73		
MS9-R1-C12											87		
OB1-B1-A01						2					135		
OB1-B2-B01						1					124		
OB1-B3-C01											108		
OB1-P1-C04							1				114		
OB1-P2-D04						1					101		
OB1-P3-E04											108		
OB10-B1-H03											73		
OB10-B2-A04						2		1			119		
OB10-B3-B04											117		
OB10-P1-F07						6				1	66		
OB10-P2-G07											66		
OB10-P3-H07											51		
OB2-B1-D01						3					128		
OB2-B2-E01						1					112		
OB2-B3-F01											128		
OB2-P1-F04						1		2			86		
OB2-P2-G04						1					72		
OB2-P3-H04						1					101		
OB3-B1-G01			2								126		
OB3-B2-H01											101		
OB3-B3-A02						2					122		
OB3-P1-A05											130		
OB3-P2-B05						1				1	100		
OB3-P3-C05											112		
OB4-B1-B02											118		
OB4-B2-C02											121		
OB4-B3-D02						1					104		
OB4-P1-D05				2		3				1	109		
OB4-P2-E05						1					94		
OB4-P3-F05						1					53		
OB5-B1-E02						3	1				135		
OB5-B2-F02						1					103		
OB5-P1-G05						7					56		
OB5-P2-H05						2					44		
OB5-P3-A06											125		
OB6-B1-G02						2					100		
OB6-B2-H02											89		
OB6-P1-B06								1		1	107		
OB6-P2-C06						4					97		
OB6-P3-D06						3		1			103		
OB7-B1-A03						2					143		
OB7-B2-B03											123		
OB7-B3-C03											126		
OB7-P1-E06											83		
OB7-P2-F06			4			1		2			97		
OB7-P3-G06											58		
OB8-B1-D03						1					154		
OB8-B2-E03											110		
OB8-P2-A07						1					148		
OB8-P3-B07						1					98		
OB9-B1-F03						2	1				91	1	
OB9-B2-G03								4		1	72		
OB9-P1-C07						1					102		
OB9-P2-D07											94		
OB9-P3-E07	1		1								73	5	
SRR8791087	19										3	270	
SRR8791088													
SRR8791089													
SRR8791090	22											155	
SRR8791091	51											158	
SRR8791102	119						3					170	
SRR8791103													
SRR8791104	24												
SRR8791105	131						1					227	
SRR8791108													
SRR8791111	57												
SRR8791112	5						3						
SRR8791115													8
SRR8791116	32										1	233	
SRR8791124													6
SRR8791125													10
SRR8791128													5
SRR8791133	7												
SRR8791137													
A01					28	158	61		135		426	9	8
A02		4			3		63		35		794		7
A03					22	23	90		54		575	4	99
A04		25			33	159	32	5	55		368	9	26
A05		46			22	26	330		37		405	9	26
A06		10			40	23	59		121		593		69
A07		36			8	15	30		69		629	12	9
A08		256			3	29	39		39		430	16	16
A09		11		3	16	48	111	1	263		434	10	
A10				2	22		11		471		278	6	99
A11		16			9	10	28		26		419	4	16
A12				1		35	55	3	73		559	20	2
A12-S17		13			22	63	97		6		337	4	363
A13		3		1	18	395	38	4	18		181	44	5
A13-S29		4			2	10	25	1	35		773		
A14		4		1	13	3	98	4	40	3	405	19	2
A14-S41		271			15		61	3	8		511	10	1
A15		1			28	5	80	2	49	4	749	4	3
A15-S53		24			16	172	50		17		507	3	34
A16		1			19	28	81	1	88		573	50	9
A16-S65		31			19	20	53	1	47		443	6	18
A17		31			60	26	137	1	44		528	24	14
A17-S77		9			27	13	52	1	33		640	9	16
A18					3	7	102	10	5	1	796	8	
A18-S89		23			14		39		33		493	9	
A19		38			27	26	86	5	57		553	16	19
A22					5	34	31		127		638	5	
A23					7	68	47		35		604	5	10
A24		3			81	2	84	5	87		651		
A25		10		1	17	47	95	7	124	2	376	48	79
A26		23			2	2	438		116		355		
A27		302			10	28	39	3	2		478	6	19
A28		2			12	17	65	2	55		708	6	
A29		1			4	18	125	1	123		471	1	7
AB02						11	6		16		942		
AB10						136	29		42		725		
AI11		10			24	3	38	6	66	3	399	4	28
AI12		10			1		10	2	13		661	7	3
AI13		8			7	15	19	3	91	7	252	26	13
AI21		26		1	12	16	68		31	3	252	16	14
AI22		3		1	3	5	21	3	36	1	540	14	12
AI23					18	17	37	7	110	1	458	9	34
AN01		17			6	74	39	3	258		427	4	30
AN02		36			3	27	49	7	64		602	2	63
AN03		214			12	9	31	4	75		417	10	68
AN10		38			2	33	52	3	49		681		26
AN11		15			6	42	166	2	36		419	16	160
AN12		28		1	2	21	129	1	88		627	8	14
AS01		58			6	38	39	6	32		646	16	35
AS02		105			8	21	10		33		661	5	39
AS03		11			6	29	13		55		721	4	43
AS10					9	17	26	4	263		588	5	16
AS11		25			4	10	18		81		729	9	14
AS12		154			23	10	16		266		292	13	33
C01		39			1		33		47		773	6	6
C02		25			17		26		50		649	7	10
C03					7	38	56	1	69		660	7	23
C04					12	198	22		38		548	7	44
C05		27			25	44	67	2	128		473	28	19
C06					20	17	82	3	59		615	23	35
C07					11	149	44	1	64		465	32	68
C08		265			14	11	37		48		409	10	91
C09		466			9	7	25		34		270	3	74
C113		5			50	30	8	1	58		646	43	12
C12		99			24	43	81	6	27	2	223	99	80
C13					116	46	80	2	31		284	19	32
C14		12			72	106	9	1	15		108	6	119
C15		4			3		3		137		88	2	691
C16					26	2	102	3	62		706	10	7
C17		11		2	8	2	5	3	75	2	430	44	3
C18		157			24		40	2	30		398	42	97
C19		8			17	9	81		77		501	50	63
C213		21			19	12	32		106		561	11	45
C22					26	37	96	1	90		588	13	8
C23		9			11	15	164		40		106	28	19
C24					50	25	230	1	89		255	50	24
C25				1	64		303		269		289	2	
C26					11	6	45	1	74		733	5	
C27		1			17	190	84	2	284		286	9	
C28		39			6	14	51		31	2	660	9	36
C29		6			8	14	89	5	72		647	19	2
C313		6			8	26	22	3	164		435	2	86
C32		3			25	6	178		42		262	7	320
C33		2		1	15	7	86	3	67		561	2	106
C34					2	6	15	14	119		380	28	98
C35		9			4	16	13	2	44		280	34	347
C36					3	4	103	2	19		473	4	240
C37		10		1		1	12	2		1	499	2	223
C38					6	51	53		3	1	350		347
C39		29		1	1	4	34	6	19		226	10	426
C42		4		1	8	15	126	1	24		731	8	9
C43		1			6	39	106	7	30		629	13	26
C44		2			4	47	41	4	192	1	192	41	19
C45				1	3	11	51	2	535	3	28	88	13
C46		16			14	6	120		42		502	4	133
C47		2				1	25	2	18	1	845	17	4
C48					1	108	235		5	1	514	5	16
C49		159			12	12	54	2	29		282	11	44
CI11		5			1	30	56	2	65	2	713	4	23
CI12		4		1	15	2	80	2	195	2	403	9	98
CI13		3			13	19	58		162	2	476	15	31
CI21		10			37	4	85	5	74		597	7	5
CI22					11	8	41	4	85	6	595	25	7
CI23		9			7	30	32	6	33	1	554	31	9
CI31		27			37	12	62	3	45	1	582	20	2
CI32		2			7	63	43		93		568	10	5
CI33		5			22	40	45	2	302		344	15	2
CI41		5		1	3	6	32	1	59		626	27	37
CI42		82			32	6	34	6	270	2	311	35	4
CI43		19			4	10	26	2	53		705	7	4
CN01		88			3	23	57		47		653	2	23
CN02		15			39	17	55	4	46		451	7	58
CN03		102			5	41	18		23		350	8	189
CS01		79			37	56	27		178		267	6	42
CS02		8			41	24	25	1	338		369	23	53
CS03		24			14	6	41		74		575	23	70
IN01		94		2		13	10	1	398		333	6	4
IN02		27			10	4	49	8	158	8	399	25	42
IN03		639		2	8		24	4	88		78	6	
IS01		593			8	29	3	3	179		20	14	25
IS02		458		4		12	12	6	148	7	171	30	27
IS03	1	16		1	4	16	17	5	80		466	52	
X01					10	46	33		29		617	10	18
X02		34			6	59	18	2	24		423	6	308
X03		16			5	15	67		35		419	6	10
X04		40			65		35		95		521	45	8
X05		28			26	44	68		248		423	14	11
X06		21			21	19	34	3	60		578	8	62
X07		26			11	8	20				688	2	15
X08		59			21	11	131	2	55		469	20	59
X09		187		2	17		30	3	153		375	20	36
X10		6			3		28		154		633	7	42
X11		23			25	7	99		115		483	17	64
X12		12			37	72	116	1	48		497	6	27
X12-S86		9			8	25	52	2	153		462	80	9
X13		3			1	22	51		33	2	719	6	1
X13-S3		16			30	14	44	1	279		408	14	37
X14		46			119	19	26	1	39		412	25	35
X14-S15					4	156	45	6	40		500	13	
X15		4			10	6	80	1	75	1	496	21	20
X15-S27		22			50	31	74		78		344	13	72
X16		13			44	29	135	1	65	3	295	71	19
X16-S39		9			7	81	70		52		625	12	7
X17							47	2	53		827	4	
X17-S51		10			10	61	28		38		642	14	9
X18					6	64	156	1	40	1	383	6	71
X18-S63		123			9	7	37	1	119		558	2	12
X19					95		1	1	260		576		
X22		8			4	15	78	4	165	5	415	49	4
X23		3		1	34	3	60	3	58	3	293	47	37
X24					14	14	54	1	46		433	7	8
X25		5			18		176	11	130	2	363	25	
X26		8			13		34	3	98	3	453	24	172
X27		18			9	46	31	10	209	1	442	6	5
X28		12		1	17	33	228	1	109		219	6	1
X29				1	8	1	21	2	145	1	642	1	3
XI11		5		1	4	1	67	1	40		732	12	2
XI12		23			8	35	106	2	124	2	449	16	6
XI13		9		1	4	15	134	1	55		643	8	28
XI21		2			7	2	75	1	48		680	12	6
XI22		8			4	4	77	1	246	3	428	9	2
XI23		4			5	4	92	9	163	1	462	27	1
XN01		12				27	18		111		701	6	5
XN02		60			1	35	33	2	170		464	15	11
XN03		97			18	53	19	3	74		468	12	25
XN10		16			2	26	10		33		718	10	12
XN11		24				58	32		46		674	6	25
XN12		51				154	3	2	39		465	4	40
XS01		120			11	19	19	3	83		519	10	50
XS02		23			6	3	8	1	37		668	9	12
XS03		78			25	41	27	2	369		162	27	38
XS10		40			20	45	39		53		558	8	35
XS11		44			9	22	13		143		611	3	23
XS12		94			38	58	27		189		254	3	40
16S-AF-2017-Astrid-1	2			64	3	189	3	222	59	4	9	5	10
16S-AF-2017-Astrid-2	3			85		4		265	36	5	3	5	3
16S-AF-2017-Astrid-3	2			96	2	4	4	228	49	4	10	6	5
16S-AF-2017-Astrid-4	2			73	1	4		431	38	3	4	3	2
16S-AF-2017-Astrid-5	4			99	2	6		268	70	7	15	3	5
16S-AF-2017-Aviso-1				40		263	1	78	60	4	4	2	5
16S-AF-2017-Aviso-2				28		413	2	69	92	2	2	5	7
16S-AF-2017-Aviso-3				59		306	1	116	83	2	3	4	4
16S-AF-2017-Aviso-4	3			50		85	1	142	56	2	6	7	4
16S-AF-2017-Aviso-5				21		83		44	619	2		2	
16S-AF-2017-Boston-1	1			59		6	2	196	69	10	12	12	16
16S-AF-2017-Boston-2	3			47	1	8		172	40	4	2	10	313
16S-AF-2017-Boston-4	1			48	2	31		183	64	8	1	12	72
16S-AF-2017-Boston-5				28		5		100	26		2	7	23
16S-AF-2017-Colvert-1	1			77		136		238	42	5	5	8	5
16S-AF-2017-Colvert-2	3			89				268	53	7	12	7	3
16S-AF-2017-Colvert-3	7			89		2		223	45	3	9	9	4
16S-AF-2017-Colvert-4	3			96		50		208	58	7	2	7	3
16S-AF-2017-Colvert-5	2			103		1	2	237	79	4	5	10	1
16S-AF-2017-Expert-1	1			52	1		1	215	22	5	12	6	1
16S-AF-2017-Expert-2	2			20		77	316	60	17	1	15	7	9
16S-AF-2017-Expert-3				23		3	8	76	7	6	3	1	2
16S-AF-2017-Expert-4	1			48	1	12	79	184	42	3	7	3	8
16S-AF-2017-Expert-5	1			17	1	13	4	65	512	2	55	45	1
16S-AF-2017-Major-1	4			104		7	1	386	57	5	14	15	4
16S-AF-2017-Major-2	2			78	1	8		257	44	1	7	6	5
16S-AF-2017-Major-3	1			74		304		237	39	3	12	8	16
16S-AF-2017-Major-4	4			46	2	1	30	101	14	16	140	31	4
16S-AF-2017-Major-5	1			91		9	2	326	85	3	8	15	5
16S-AF-2017-Mohican-1	5			69	1		1	186	39	3	3	14	3
16S-AF-2017-Mohican-2	6			100			1	194	61	7	12	11	2
16S-AF-2017-Mohican-3	2			105	2	2		221	68	3	14	18	2
16S-AF-2017-Mohican-4	2			24	1			45	9	4	1	7	730
16S-AF-2017-Mohican-5	3			91			2	168	43	7	8	14	3
16S-AF-2017-Tenor-1				26	1	5	1	84	16	1	3	2	611
16S-AF-2017-Tenor-2	3			75		14	2	203	56	1	1	7	147
16S-AF-2017-Tenor-3				15	3	16		55	321	2	4	2	2
16S-AF-2017-Tenor-4				21		3		78	31	2	1	2	683
16S-AF-2017-Tenor-5	2			55		2		595	29	2	11	3	5
16S-AF-2017-Zorro-1	1			25		5		37	52	1	4	2	
16S-AF-2017-Zorro-2				9		7		14	3		837	1	
16S-AF-2017-Zorro-3	2			34	1	25	2	63	96		38	1	
16S-AF-2017-Zorro-4	2			94		66	1	156	36		9	5	
16S-AF-2017-Zorro-5				8		37		10	2		2		
SRR5527438													
SRR5527439													
SRR5527442													
SRR5527443													
SRR5527444													
SRR5527445													
SRR5527448													
SRR5527450													
SRR5527451													
V3C1-16S			2		17		64		4		744		
V3C2-16S							31		5		795		
V3C3-16S						80	1				766		12
V3G1-16S		4	30				1	5	7		4	60	2
V3G2-16S		6	7				2	4	129		435	8	
V3G3-16S		14	14	21		26	18	43	34		40	21	
V3Sa1-16S		44	47		1	4	79		74		444		36
V3Sa2-16S									39		875		
V3Sa3-16S		1			1	8	59		634		133		3
V3Sb1-16S			10		1		77		94		306		
V3Sb2-16S			29			10	47		24		720		3
V3Sb3-16S			1				118		61		701		
V3Sc1-16S		2	2				191		15		734		
V3Sc2-16S			3			25	34		7		779		10
V3Sc3-16S			12						420		307		
V3Sd1-16S			1			2	3		63		790		
V3Sd2-16S						2	66		320		453		
V3Sd3-16S		463	36		3	5			64		162		
V3Se2-16S			116				42		290		200		
ERR2861991													
ERR2861992													
ERR2861993													
ERR2861994													
ERR2861995													
ERR2861996					1								
ERR2861997													
ERR2861998													
ERR2861999													
ERR2862000													
ERR2862001													
ERR2862002													
ERR2862003													
ERR2862004													
ERR2862005													
ERR2862006													
ERR2862007													
ERR2862008													
ERR2862009													
ERR2862010													
ERR2862011													
ERR2862012													
ERR2862013													
ERR2862014													
ERR2862015													
ERR2862016													
ERR2862017													
ERR2862018													
ERR2862019													
ERR2862020													
ERR2862021													
ERR2862022													
U1	1			153				450		91		29	
U10	4			145				544	2	18	2	39	
U11				103		2		618	8			11	
U12	4			71				479	1	42	1	9	
U13	4			21				69		31		121	
U14	5			87				427	2	76	3	36	
U15	15			38				130		58		81	
U17	4		1	156		1		557	3	56	5		
U18	12		1	113	2			557	3	27	4		
U19	8			69				436		84		81	
U2	25			39				311		55	1	79	
U21	2			207		1		534	2	25	5		
U22	10			27				215	5	59		87	
U23	7			40				331	2	87	2	48	
U25				43	4	4		631	10	43	10	48	
U26				200		3		323		8			
U27				151	1			408	3	110	1	43	
U3	14			35				107	3	30	2	70	
U4	4			41				398		83	1	30	
U5				170		2		621		25	4	9	
U6	32			25				110		55		75	
U7	3			38				175		85		109	
U8	22			20				106		25		70	
U9	3			82	2			416		51	2	36	
ERR3224023													
ERR3224024													
ERR3224025													
ERR3224026													
ERR3224027													
ERR3224028													
ERR3224029													
ERR3224030													
ERR3224031													
ERR3224033													
ERR3224034													
ERR3224035													
ERR3224036													
ERR3224037													
ERR3224038													
ERR3224039					1								
ERR3224040					2								
ERR3224041													
ERR3224042					2								
SRR8879301	15											98	
SRR8879302	13											69	
SRR8879306													
SRR8879308	30											95	
SRR8879309	33											131	
SRR8879310												21	
SRR8879311	49											81	108
SRR8879312	9											68	97
SRR8879313	13											39	241
SRR8879314	13											84	106
SRR8879315	10						14					77	139
SRR8879316	34											88	263
SRR8879317	36											258	135
SRR8879318	37											92	140
SRR8879319	7											58	111
SRR8879320	9											245	171
SRR8879321	65											117	185
SRR8879322	36											144	296
SRR8879323	19											37	164
SRR8879324	33						2					67	219
SRR8879325	15											106	87
SRR8879326	12											100	231
SRR8879327	15											49	334
SRR8879328	6											155	131
SRR8879329	29											82	155
SRR8879330	80											112	233
SRR8879332						2	1					157	490
SRR8879333	7											29	
SRR8879334	18					2							531
SRR8879335	33											175	167
SRR8879336	21											66	535
SRR8879337	11					1						22	688
SRR8879338	39					1						51	567
SRR8879339	15					3						46	649
SRR8879340	16											13	447
SRR8879341	5					1							662
SRR8879342												126	
SRR8879343	58											82	
SRR8879344	8											49	
SRR8879347												48	
SRR8879348												247	
SRR8879352	12											101	
SRR8879360						2						10	380
SRR8879361	20											14	538
SRR8879362	9					4						9	675
SRR8879363	14					2						26	522
SRR8879364	1											4	458
SRR8879365	9											30	169
SRR8879366	27						15					72	237
SRR8879367	13											14	252
SRR8879368	39											11	126
SRR8879369	2											70	232
SRR8879370	9											148	
SRR8879371	43											131	
SRR8879373	19												
SRR8879374	33											97	
SRR8879375	42											139	
SRR8879377													
SRR8879379												42	
SRR8879394	10						1					155	254
SRR8879395	4					1						16	303
SRR8879396	5											49	167
SRR8879397	2											80	141
SRR8879403	47											187	
SRR8879407	25											275	
SRR12914318											931		
SRR12914323				41					2		4		
SRR10450124									1				
SRR10450126									1				
SRR10450128		5											
SRR10450130													
SRR10450133		7			15	46	89	13	24		160		22
SRR10450135												1	
SRR10450136							5	1				2	
SRR10450139						2			22		11	14	
SRR10450141													
SRR10450143							1					1	
SRR10450144		7		2	31	28	56	21	25	4	127		13
SRR10450146													
SRR10450149		33		6	2	34	64	20	39		184	15	21
SRR10450151		17			1	40	61	22	53		136	10	16
SRR10450153		35				88	50	15	28		74	8	29
SRR10450155		6			28	20	62	16	54		114	4	7
SRR10450157		18			1	71	37	18	42		166	10	23
SRR10450159		21			1	69	43	15	45		161	12	26
SRR10450161		36				88	42	6	38		59	9	18
SRR10450163		21			4	66	34	8	77		66	7	34
SRR10450165		12			1	90	36	14	66		57	10	41
SRR10450167		29			1	99	60	17	30		154	9	29
SRR10450170		21		1	12	10	21	4	22		326	3	
SRR10450173		8		1	8	12	8	7	25		257	4	6
SRR10450175		11		3	5	11	9	8	33		287	6	3
SRR10450177		8		4	55	79	70	17	35		121	6	9
SRR10450179		12		6	20	15	44	9	79		228	8	
SRR10450180		14		3	18	28	29	26	54		235	10	4
SRR10450182		8		1	13	24	37	23	61		224	21	5
SRR10450184		12		5	25	26	54	8	53	5	135	5	7
SRR10450186		11		6	4	16	56	18	31		265	5	
SRR10450187		19		4	8	16	52	22	26		235	11	
SRR10450188		7		2	14	79	68	15	26		135		13
SRR10450189		9			17	131	80	5	29		72	16	48
SRR10450190		18			1	16	18		32		352		
SRR10450191		17			2	23	29	3	19		371		
SRR10450193		12			2	18	31	9	54		364		
SRR10450194		14		5	2	22	19	5	79	7	328		
SRR10450196		4		5	3	10	21	2	21		257		
SRR10450198		5			6	7	33	2	39		246	5	
SRR10450200		20			4	7	43	3	30		202	7	
SRR10450202		13			4	9	28	4	41		243		
SRR10450203		12		1	1	8	18		35		320		
SRR10450205		15			4	8	7	2	41		302		
SRR10450206		8			27	59	69	9	25		51	8	21
SRR10450207		14			9	58	66	10	17	3	64	11	36
SRR10450208		15			7	49	47	7	5		68	20	27
SRR10450209		5			33	106	75	20	17		60	5	30
SRR10450210		5		1	44	36	55	19	30		98	6	10
SRR10450211		5		6	24	107	70	15	17		61	11	45
SRR10450213		8			15	108	77	6	32		89	11	40
SRR10450217		8			13	99	74	6	33		69	12	45
SRR10450221						94					90		
SRR10450222		100				3							
SRR10450225		6		6	3	77	210	9	13		172	10	14
SRR10450227					3	93	222	3	8		157	8	16
SRR10450228		23			7	16	34	10	32		262	14	
SRR10450230	1			3	7	19	5				29		
SRR10450232		24				1					3		
SRR10450233		26				5	2				2		
SRR10450237						3			1		5	10	
SRR10450240		6										12	
SRR10450242								4		2			
SRR10450245													
SRR10450246													
SRR10450248		5					2		7		7	3	
SRR10450251												10	
SRR10450253								3					
SRR10450255											3		
SRR10450258		2						5	19		11		
SRR10450259								5	16	1	18		
SRR10450261		2		7	9	121	55	5	29		57	17	36
SRR10450263								7	4		6		
SRR10450265					1		11	12	14		28		
SRR10450267					2		4	6	17		11		
SRR10450269								6	2		9	3	
SRR10450271							5	2	6		1	2	
SRR10450274								2	6	4	3		
SRR10450275									5		3	5	
SRR10450278													
SRR10450281													
SRR10450284		5		3	32	36	60	25	31		82	4	9
SRR10331030													
SRR10331032													
SRR10331033													
SRR10331034													
SRR10331035													
SRR10331036													
SRR10331037													
SRR10331038													
SRR10331039													
SRR11639981									981				
SRR11639982		3	24						955				
SRR11639983			7						291				
SRR11639984		2	1					1	681				
SRR11639985			10						8				
SRR11639986			4					2	264				
SRR11639987			23						945				
SRR11639988			17						933				
SRR11639990		19	5					1	42				
SRR11639991		12	7					1	973				
SRR11639992			9						651				
SRR11639993			22						10				
SRR11639994									999				
SRR11639995									991				
SRR11639996			2						60				
SRR11639997			6						993				
SRR11639998									991				
SRR11639999			21						100				
SRR11640001			3						988				
SRR11640002									781				
SRR11640004			4						776				
SRR11640005			2						280				
SRR11640006									1000				
SRR11640034			23						823				
SRR11640036			9						49				
SRR11640039			11						63				
SRR11640042									10				
SRR11640088									53				
SRR11640089			4						673				
SRR11640114			6					1	82				
SRR11919960													
SRR11919961													
SRR11919962													
SRR11919963													
SRR11919964													
SRR11919965													
SRR11919966													
SRR11919967													
SRR11919968													
SRR11919975													
SRR11919986													
SRR11919993													
SRR11919994													
SRR11919995													
SRR11919996													
SRR11919997													
SRR11919998													
SRR11919999													
SRR11920000													
SRR11920001													
SRR11920002													
SRR11920003													
SRR11920004													
SRR11920005													
0F1SS					4				32				10
0F2SS									25				
0F3SS								1	42		1		
0R1SS									44		2		
0R2SS				3					61		7		
0R3SS				4	1			2	25		6		
1FC02MS									26				
1FC04MS									20		1		
1FC05FS				39	81	6		13	93	5	360		
1FC06MS				2				2	25		3		
1FC07FS				25	81	17		12	173		409		
1FC08MS				6					31		6		
1FC10MS									19				
1FD02MS				2				6	24		11		
1FD03FS				51	69	7		32	90		383		
1FD04MS					1				25		2		
1FD06MS									19		3		
1FD07FS				93	31			39	91		382		11
1FD08MS									21		1		
1FD10MS									25		2		7
1FN02MS				1					15		5		
1FN04MS									21				6
1FN06MS									31				
1FN08MS									15				
1FN10MS				1				1	20		3		11
1RC01FS		6		74	56	6	8	77	77	9	268		
1RC02MS					1				15				
1RC03FS		5		112	20	9	7	91	53	4	267	1	2
1RC04MS									28				
1RC05FS		3		57	61	19	3	54	74	6	302		
1RC06MS					1				20				
1RC07FS				101	43	12	4	51	59	4	307		
1RC08MS				1					29		1		
1RC10MS									29				
1RD02MS									47				9
1RD03FS				11	112	9		14	123		359		
1RD04MS									42				2
1RD05FS				17	111	8		12	144		329		
1RD06MS									38				7
1RD07FS				13	113	11		5	128		391		
1RD08MS									35				6
1RD10MS									40				5
1RN01FS				2	167	8		3	127		314		
1RN02MS									40				
1RN03FS				42	100	2		26	103	6	285		
1RN04MS									26				
1RN05FS				26	109	11		18	172		376		
1RN06MS									31				
1RN07FS				61	61	11		44	113	4	354		
1RN08MS									36				
1RN09FS				11	118	6		4	123		350		
1RN10MS					2				29		1		
2FC01MS				3	176	10			152		261		
2FC02MS					146	12			133		268		
2FC03MS				1	155	14		4	134		309		
2FC04MS					138	14			128		294	1	
2FC05MS					144	8			130		278		
2FD01MS					152			4	133		284		8
2FD02MS					130	7			125		298		
2FD03MS	1			1	158	11		2	113		260		
2FD04MS					166	10			112		257		
2FD05MS				1	152	14		1	129		263		
2FN01MS					139	7			104		295		
2FN02MS				3	132	7			103		216		
2FN03MS					121	4			77		222		
2FN04MS					170	6			129		266		
2FN05MS				2	151	4			123		249		
2RC01MS					149	8			124		281		
2RC02MS					158	9			146		287		
2RC03MS					151	13			140		257		
2RC04MS					107	19		1	115		271		
2RC05MS					181	7			122	3	268		
2RD01MS					129	20			135		271		
2RD02MS					157	4			131		285		
2RD03MS					127	11		1	128		281		
2RD04MS					168	9			115		270		
2RD05MS					158	14			120		244		
2RN01MS					120	17			112		278		
2RN02MS				2	169	11			121		248		
2RN03MS					139	5			131		270		
2RN04MS					152	8		1	129		286		
2RN05MS	1				133	10		1	86		245		