SampleID	Unclassified Capnodiales	Alternaria metachromatica-2	Cladosporium perangustum-2	Vishniacozyma victoriae-2	Epicoccum nigrum	Alternaria metachromatica-1	Alternaria sp	Aureobasidium pullulans	Vishniacozyma victoriae-1	Gibberella acuminata	Alternaria metachromatica-3	Filobasidium sp	Unclassified Sclerotiniaceae	Vishniacozyma tephrensis	Sporobolomyces roseus	Cladosporium perangustum-1
V3C1-ITS	5			10	3		7		6	1		25	3			158
V3C2-ITS				8			15		125	1		14	8			47
V3C3-ITS	1			5	1		5		7	1		4	13			167
V3G1-ITS				1			1			6						5
V3G2-ITS										171			17			1
V3G3-ITS	13			4		1	1		1	43		1	3			24
V3Sa1-ITS	18			9		2	2		7	5		13	110			490
V3Sa2-ITS	1			1	7	3	4		5	5		1	8			243
V3Sa3-ITS	5				59	2	18					1	4			343
V3Sb1-ITS	8	9		3	3	6	87			9		17	27			476
V3Sb2-ITS	6						2					5	622			122
V3Sb3-ITS	3				1	1	1			2		8				58
V3Sc1-ITS	5			23			33		19	5		53	8		1	538
V3Sc2-ITS	3			6	17	2	4		6	1		17	5			534
V3Sc3-ITS	15			2	1		4		16	4		1	14	1		428
V3Sd1-ITS	1			1	1		1		2	1		4	8			544
V3Sd2-ITS					2							6	5			96
V3Sd3-ITS					2				33				7			176
V3Se1-ITS										4		12	5			67
V3Se2-ITS	4						5		11			2				123
S01-H0	179	4	9	56	4	29	44		143	6	7	67	1	14	13	101
S01-H24	186	5	7	24	1	43	33		113		20	46	36	12	13	87
S02-H0	121	11	4	8		44	143					18	26		22	150
S02-H24	63	8		23		84	29	7	17	10	24		330		7	191
S03-H0	274	4	97	2	2	24	55		9	1	37	5				136
S03-H24	14	4				10	14				772	4	53			70
S04-H0	17			17		12	87			5	2	3	1		1	43
S04-H24	10			1		54	51		79		69		260		39	141
S05-H0	108	6	1	16	37	53	44	2	6	2	16	10	13	4	8	297
S05-H24	118	4	2	11	10	18	19	2	4	4	4	11	27	3	7	327
S06-H0	212	11	3	17	32	51	38	1	2	2	11	9	12	3	8	339
S06-H24	119	7		17	17	31	19			3	7	6	19	3	10	359
S07-H0	259	3		33	3	18	96	7	3	6	5	25	37	2	53	172
S07-H24	211	9		27	3	55	77				11	15	112	15	70	187
S08-H0	94			1	3	2	34	4		5		5	4		1	154
S08-H24	31		1	8	1	9	17	2	2	2	5		45		2	137
S09-H0	542	3	50	20	7	26	50	1	35	2	11	11	4	1	2	114
S09-H24	174	1	29	9	5	76	18		17	1	26	1	33		1	87
S10-H0	13												4		1	881
S10-H24	14					3			1		1		28		1	856
S11-H0	55	1	2	91	3	16	126	9	7	3	7	11	4	3	13	242
S11-H24	57	1		38	8	15	118	7		3	4	10	12		16	244
S12-H0	218	20		60	2	130	54		1	1	32	42	8	1	35	218
S12-H24	155	4		58	3	126	55			6	21	46	47		10	173
S13-H0	219	2	10	4	3	54	13		9		24	1	5	1		12
S13-H24	186	5	13	6	2	76	28				42	9	29		7	50
S14-H0	266	14	27		2	152	50	2	8	2	59	7	3			42
S14-H24	241	1	24	5	2	93	26		3	3	50	16	33	7	2	102
S15-H0	91	28		49	4	248	47	1		4	70	53		2	41	47
S15-H24	56	11	5	48		74	34		2	4	40	18	278	1	17	238
S16-H0	187	21	6	15	6	160	10		71		44	30	2	22	69	177
S16-H24	56	9	8	23	3	49	44		14	4	14	68	200	3	2	257
S17-H0	353	2	15	4	4	16	4	1	23		5	6	4	1	92	305
S17-H24	133	14	14	5		51	23	6	1		3	15	74		8	335
S18-H0	56	44		77		398	111		3	1	71	16	7		2	37
S18-H24	3	27		8		323	288		1	2	97	5	30			24
S19-H0	65	2		6	9	42	125	1	2		9	5	6		2	408
S19-H24	59	3		7		67	60			3	19		280	1	2	278
S20-H0	20				3	12	10						13		16	24
S21-H0	110		8		3	12	20		1		9		15	1	9	69
S21-H24	42	6		28		46	39		9	2	11	2	330		3	256
S22-H0	63			17		3	3		3	3	1	1	298	2	2	458
S22-H24	58	1		17		4	11		1		4		316	4	9	445
S23-H0	75		15	31	5	4	4	1	4	2		4	303	2	3	387
S23-H24	95		1	35		15	15		3	2		1	292	6	5	351
S24-H0	66		71	3	1	6	21		94		3	14	2			427
S24-H24	26	1	37	12		4	5		47	1	3	10	26			496
S25-H0	12			449	2	1	1		106	2		1			28	1
S25-H24				115			1		66			86			3	1
S26-H0	179		1	7	2		134		230			10		1	9	3
S26-H24	1						3		317			10	3			
S27-H0	41			24		82	154		1		36		243			171
S27-H24	76	6		1		87	1		36			1	209			211
S28-H0	18				6	2	232		1							112
S28-H24	24	3		16	1	14	9		3		2	2	285	1		191
ITS-1Bristol-F11	187	8	7	4	31	120	1		4	6	19	1	5		3	509
ITS-2Bristol-G11	206	8	8	1	26	94	2		5	22	21	1	13	2	8	506
ITS-3Bristol-H11	191	9	9	1	22	95			5	8	33	2	3		2	501
ITS-B13T5-B12	340		22			20		12	29			31			229	45
ITS-B13T6P1-C07	294	10	7	4	22	86	2		1		20	7	5		7	225
ITS-B13T6P2-D07	391	7	24	4	23	88	3		7		18	5	1		12	328
ITS-B13T6P3-E07	351	7	19	5	47	63	5	1	7		15	4	1		16	303
ITS-B13T6P4-F07	325	10	30	2	21	184	2	32	4		32	3	1		9	263
ITS-B13T6P5-G07	256	2	12	2	25	51			1		7				6	373
ITS-B13T6P6-H07	354	6	14	1	19	173		7	1		99	2	1		3	217
ITS-B13T6P7-A08	385	16	11		32	212		3	2		21				8	206
ITS-B14T5-E12	7								1						8	
ITS-B14T6P1-H09	339	17	16	4	8	72	3		4		19		3		8	420
ITS-B14T6P2-A10	168	4	7		8	100			3		15		1		3	150
ITS-B14T6P3-B10	319	15	14	2	21	169	1		2		32		3		11	230
ITS-B14T6P4-C10	232	14	3	1	17	202	1				51	1	1		2	284
ITS-B14T6P5-D10	172	7		4	19	140			2		19	1			5	261
ITS-B14T6P6-E10	283	12	12	1	10	194	14		3		75	1	2		6	227
ITS-B14T6P7-F10	374	8		2	23	98	2		5		38	5	1		9	295
ITS-B19T6P1-G10	285	8	7	2	12	109	2		2	1	71	11	2		4	287
ITS-B19T6P2-H10	223	13	11	1	9	185		4	2		93	1			9	366
ITS-B19T6P3-A11	328	10	8	4	12	198	1	3	9		22	2	1		9	218
ITS-B19T6P4-B11	250	6		1	16	91	1	3	3		14	5			72	457
ITS-B19T6P5-C11	103	3	6	3	6	744	1	11	4		25				14	88
ITS-B19T6P6-D11	342	11	11	9	17	82	3	1	6		58	3	3		21	253
ITS-B19T6P7-E11	176	9			7	261			1		50					336
ITS-B1T5-D12	294					46		7	13						72	18
ITS-B1T6P1-A09	57	5		1	1	26			1		6		1		2	903
ITS-B1T6P2-B09	251	8	3		21	63	3		9		23	2	4	1	12	499
ITS-B1T6P3-C09	56				4	15					4	2			1	740
ITS-B1T6P4-D09	246	8		1	24	63		2	2		22	1			8	375
ITS-B1T6P5-E09	200	7		5	17	66	2		2		8	2	1		2	251
ITS-B1T6P6-F09	207	2	6	1	14	51	4		6		9		2		6	222
ITS-B1T6P7-G09	169	6	6		3	65	2	1	5		17	3			1	237
ITS-B20T5-C12	487		15		3	28		10	5			26			196	20
ITS-B20T6P1-B08	302	2	9		22	39		4	2		10	2	2		9	462
ITS-B20T6P2-C08	245	7		1	32	49	94	2	1		10			1	13	378
ITS-B20T6P3-D08	367	12	11	2	20	51	1	3	11	1	23	4	1		14	289
ITS-B20T6P4-E08	313	11	32	3	27	115	6	5	9		31	3	2	1	13	248
ITS-B20T6P5-F08	271	13			34	169			2		48	1		1	11	175
ITS-B20T6P6-G08	222	5	2		10	60	2		6		52	2	1		5	507
ITS-B20T6P7-H08	334	2	17	5	17	103		1	4		13	2	1		13	433
ITS-B5T5-A12	478					44		8	13			18			70	28
ITS-B5T6P1-D06	311	20	20	5	25	141	24	3	5		77	3	3		4	280
ITS-B5T6P3-F06	403	5		3	18	78	8		2		15	1	2		14	272
ITS-B5T6P4-G06	366	6		4	20	74	8		4		29	2	4	1	13	250
ITS-B5T6P5-H06	366	17	7	3	22	155	7	2	7		29		6		11	362
ITS-B5T6P6-A07	109	6			14	50	3		2		22				8	777
ITS-B5T6P7-B07	369	10		7	15	105	12	3	4		31	5	4	2	5	309
ITS-Astrid-AF-1	261	25		44	1	275	1		70		55	23	81	6	41	38
ITS-Astrid-AF-2	224	25	1	62		267	4		101		52	14	103	10	44	24
ITS-Astrid-AF-3	212	35		61		227	10		107		43	17	84	12	60	44
ITS-Astrid-AF-4	244	22		50		242	13		99		54	29	96	7	48	29
ITS-Astrid-AF-5	234	31		89		220	10		101		29	22	107	10	38	33
ITS-Astrid-B1-1	113	6		55		82	3		65		15	45	224	1	88	100
ITS-Astrid-B1-2	108	5	1	65		67	5	2	53		9	32	253		73	107
ITS-Astrid-B1-3	110	11	1	40		73	6	1	55	1	20	34	280	6	54	96
ITS-Astrid-B1-4	117	13		54		64	4	1	69	1	15	35	219	2	85	101
ITS-Astrid-B1-5	101	7	1	69		56	5	1	58	2	2	22	227	5	81	116
ITS-Astrid-B2-1	78	6	2	74		104	4	1	61		18	44	195	1	109	45
ITS-Astrid-B2-2	84	20		56		150	2		43	2	37	43	173	3	95	45
ITS-Astrid-B2-3	83	8		48		144	3		55		14	35	213	5	95	54
ITS-Astrid-B2-4	84	19		52		161	5		70		22	38	198	5	76	65
ITS-Astrid-B2-5	74	15		50	2	133	2		84	2	22	28	235	4	88	49
ITS-Aviso-AF-1	190	16		53		121	14		114		24	9	261	3	49	51
ITS-Aviso-AF-2	206	23		83		115	20		78		25	9	239	4	55	55
ITS-Aviso-AF-3	192	25		37	2	265	16		44		59	10	189	5	43	47
ITS-Aviso-AF-4	206	22		66	2	193	8		65		33	6	201	6	41	45
ITS-Aviso-AF-5	180	39		66	1	168	5		54		31	8	182	1	23	41
ITS-Aviso-B1-1	90	13		41		144	9		42		28	28	255	3	86	59
ITS-Aviso-B1-2	85	10		47		100	5	1	51		14	27	279	2	105	56
ITS-Aviso-B1-3	76	7		49		66	5		35	2	9	28	382	4	72	54
ITS-Aviso-B1-4	78	10		39		68	8		46	1	14	26	320	1	81	61
ITS-Aviso-B1-5	110	7		31		57	5		54	1	10	20	328	3	72	49
ITS-Aviso-B2-1	81	6		54		92	2		43		20	38	313	3	95	47
ITS-Aviso-B2-2	81	11		38		76	4		44	1	8	25	240	10	115	48
ITS-Aviso-B2-3	93	13	1	33		102	6		44		20	14	285	7	112	88
ITS-Aviso-B2-4	77	12		71		109	7	1	40		18	15	245	2	158	36
ITS-Aviso-B2-5	60	7		40		112	5		48		14	28	230	6	174	37
ITS-Boston-AF-1	163	32		55	1	304	12		60	1	30	5	109	3	18	35
ITS-Boston-AF-2	200	18		86		323	11		46	1	16	9	110	1	22	37
ITS-Boston-AF-3	296	19		105	1	179	5		49		38	7	84	2	22	47
ITS-Boston-AF-4	184	14		73		251	7		45		27	6	74	1	39	45
ITS-Boston-AF-5	253	16		51	2	221	6		49		37	12	118	7	26	42
ITS-Boston-B1-1	106	6		31		84	8		71		21	28	239	6	117	51
ITS-Boston-B1-3	102	5	2	42		74	1		48	2	11	32	262	8	96	95
ITS-Boston-B1-4	118	18	3	38		118	10		55		18	23	208	3	102	70
ITS-Boston-B1-5	109	10	3	34		140	7		58	1	28	33	190	5	69	85
ITS-Boston-B2-1	88	13	2	41		92	3		56	8	17	43	209	3	145	55
ITS-Boston-B2-2	67	14		28		145	3	1	45	26	24	28	237	5	140	51
ITS-Boston-B2-3	88	11		59		100	4		62	2	16	31	181	4	124	54
ITS-Boston-B2-4	74	6	2	41		108	5		65	3	12	34	163	8	102	49
ITS-Boston-B2-5	114	22		35		147	4		35	3	21	44	193	5	144	59
ITS-Colvert-AF-1	208	24		119		173	7		67		30	7	97	5	33	94
ITS-Colvert-AF-2	229	16	1	71		159	16		59		31	9	132	2	30	112
ITS-Colvert-AF-3	216	12		81		161	4		64		30	9	95	3	50	80
ITS-Colvert-AF-4	244	14	4	100		144	2		73		33	7	84	3	44	111
ITS-Colvert-AF-5	198	25		78		155	13		59		25	6	126	1	56	81
ITS-Colvert-B1-1	95	13		40	2	81	1		46	1	16	36	151	6	95	69
ITS-Colvert-B1-2	115	8		45		98	4		53	1	10	29	125	3	137	79
ITS-Colvert-B1-3	86	7		26		59	2		56		12	14	89	4	57	76
ITS-Colvert-B1-4	114	8		48		85	6	1	60	1	13	48	128	6	107	76
ITS-Colvert-B1-5	112	12		30		94	3	1	43	1	9	31	153	3	108	106
ITS-Colvert-B2-1	100	11		52		91	4		40		17	54	131	5	150	100
ITS-Colvert-B2-2	100	9		43		85	4		56	2	19	56	83	3	108	98
ITS-Colvert-B2-3	116	11		61		72	4		47		15	57	72	7	156	93
ITS-Colvert-B2-4	102	7		45		88	6	2	39	2	11	69	121		144	82
ITS-Colvert-B2-5	98	6	3	49		84	4	1	37		7	76	105	6	157	94
ITS-Express-AF-1	172	13		99	1	112	12		100		28	7	217	5	45	60
ITS-Express-AF-2	214	9		114		106	10		63		20	12	223	7	38	86
ITS-Express-AF-3	152	33		61		244	11		52		41	13	52	3	36	43
ITS-Express-AF-4	192	16		82		196	13		50		34	12	180	2	32	70
ITS-Express-AF-5	210	17		74		176	25		60		36	10	196	6	29	70
ITS-Express-B1-1	67	9		32		131	6		36		23	34	316	1	60	36
ITS-Express-B1-2	73	9		30		64	4		31	2	25	45	309	4	42	70
ITS-Express-B1-3	93	11		24		99	8		33	1	18	69	323	2	69	66
ITS-Express-B1-4	79	12		32		112	4		34	3	20	36	330	3	61	55
ITS-Express-B1-5	86	17		46		73	4		29	1	12	34	311	4	70	58
ITS-Express-B2-1	100	9		38		112	2	5	28	1	23	69	167	2	112	85
ITS-Express-B2-2	48	21		20		126	4		44	3	33	34	213	1	43	34
ITS-Express-B2-3	85	8		41		98	6	1	46	1	12	50	234	3	85	63
ITS-Express-B2-4	78	16		42		175	9		55	1	39	36	171	1	67	51
ITS-Express-B2-5	56	11		31		115	6		43	1	20	28	259		29	40
ITS-Major-AF-1	143	25		37	1	250	11	1	27		47	28	43	2	13	49
ITS-Major-AF-2	179	28		78		244	17	2	42		42	20	79	1	21	44
ITS-Major-AF-3	159	18		81	5	201	10		37		39	18	31	4	36	37
ITS-Major-AF-4	143	23		77	1	203	12		62		35	17	119	4	16	58
ITS-Major-AF-5	208	15		107		181	21		60		34	21	176	7	25	65
ITS-Major-B1-1	93	5		61	1	104	4	5	43	1	26	57	207	1	76	81
ITS-Major-B1-2	70	10		42		96	3		29	3	19	48	314	3	73	63
ITS-Major-B1-3	102	9		57		100	7		21	2	14	55	230	5	60	67
ITS-Major-B1-4	99	8		42		91	12		44	2	17	48	259	4	77	74
ITS-Major-B1-5	91	8		42		82	4		27		7	52	266	3	76	71
ITS-Major-B2-1	93	9		32		106	7	1	37	3	13	42	271	4	74	61
ITS-Major-B2-2	102	5	2	61		90	7		32	1	13	79	110	8	126	78
ITS-Major-B2-3	119	11		37		77	2		50	2	13	77	137	6	118	108
ITS-Major-B2-4	110	11		38		134	8		44		31	50	82	4	106	92
ITS-Major-B2-5	104	13		56		112	6		37	3	17	47	129	7	90	100
ITS-Mohican-AF-1	194	15		103		222	9		101		41	15	109	1	51	38
ITS-Mohican-AF-2	185	35		51		269	16		57		65	25	121	5	41	51
ITS-Mohican-AF-3	203	32		86		263	8		80		65	14	77	5	35	53
ITS-Mohican-AF-4	192	31		74		290	8		62		58	22	79	5	41	46
ITS-Mohican-AF-5	211	24		80		228	7		82		36	18	35	3	76	64
ITS-Mohican-B1-1	116	11	2	45		65	2		53	1	7	47	175	9	127	93
ITS-Mohican-B1-2	130	13	2	42		121	7	1	46	1	18	23	157	7	99	90
ITS-Mohican-B1-3	142	9		40		82	3	2	41	4	15	30	143	7	134	83
ITS-Mohican-B1-4	100			26		63	8		89	1	12	20	133	2	92	75
ITS-Mohican-B1-5	118	11		50		111	5		76	1	22	30	143	2	123	88
ITS-Mohican-B2-1	80	15		42		130			56	1	10	20	174	6	95	64
ITS-Mohican-B2-2	83	16	1	49		154	3		57	3	23	29	192	4	107	75
ITS-Mohican-B2-3	96	9	1	42		161	2		63		34	24	172	4	107	54
ITS-Mohican-B2-4	104	13	1	39		113	8		59		28	19	157	4	108	71
ITS-Mohican-B2-5	103	12		27		120	4	1	51	9	16	28	281	5	93	64
ITS-Tenor-AF-1	294	23	1	47		186	23		62		27	14	76	4	85	46
ITS-Tenor-AF-2	279	15	3	64	1	147	17		102		19	7	94	7	67	36
ITS-Tenor-AF-3	322	20		64	1	205	22		66		24	4	79	8	51	55
ITS-Tenor-AF-4	266	15		61		174	26	1	55		31	7	127	13	77	50
ITS-Tenor-AF-5	296	28		48	1	214	28		54		40	6	83	6	60	45
ITS-Tenor-B1-1	129	11	4	29		92	7	1	47	7	23	24	214	3	102	88
ITS-Tenor-B1-2	122	7		40		71	6	1	42	1	26	22	200	1	102	76
ITS-Tenor-B1-3	117	19	1	40		135	9		49		27	27	199	6	101	69
ITS-Tenor-B1-4	117	11		40		101	11		60	2	11	22	235	6	118	84
ITS-Tenor-B1-5	105	9		24		95	6		42		19	18	230	2	124	95
ITS-Tenor-B2-1	91	15	5	24		136	6	1	38	1	20	24	269	3	134	65
ITS-Tenor-B2-2	90	11		44		94	6		47		7	27	204	1	187	47
ITS-Tenor-B2-3	82	15	1	86		104	9		29		21	19	213		122	58
ITS-Tenor-B2-4	111	9		19		110	6	1	45	1	13	14	275	9	121	64
ITS-Tenor-B2-5	86	9		26	1	117	5		56		28	14	245	2	101	56
ITS-Zorro-AF-1	188	24		78		106	12		61		15	13	264	1	39	93
ITS-Zorro-AF-2	217	10		94		105			53		54	9	240	4	29	80
ITS-Zorro-AF-3	205	11		76		78	4	1	54		17	6	213	6	49	110
ITS-Zorro-AF-4	231	8		73		67	3	56	59	1	7	13	182	4	42	81
ITS-Zorro-AF-5	138			70		47	2	2	54		12	2	353	8	18	91
ITS-Zorro-B1-1	76	14	2	49		114	8		44		32	25	291	7	86	51
ITS-Zorro-B1-2	96	9		34		98	3	2	56		13	28	302	3	76	62
ITS-Zorro-B1-3	96	8		33		109	1		29		12	29	341		82	59
ITS-Zorro-B1-4	103	12		32		104	8	1	30		22	27	346	3	67	63
ITS-Zorro-B1-5	94	6		44		89	2		45	1	16	26	307	7	102	56
ITS-Zorro-B2-1	90	18		40		179	3		44	1	27	36	234	3	81	68
ITS-Zorro-B2-2	84	7		40		107	4		62	1	22	56	177	3	92	57
ITS-Zorro-B2-3	91	16		63		108	10		48	1	20	38	189	6	89	44
ITS-Zorro-B2-4	87	9	1	41		184	7	1	59		36	43	172	7	89	46
ITS-Zorro-B2-5	97	13		43		158	5		45	1	21	29	158	4	79	57
ITS-AF-2017-Astrid-1	325	35	7		1	278	9		16		79	7	4	3	22	156
ITS-AF-2017-Astrid-2	317	25	5	1	2	259	6		11		59	9	21	2	6	208
ITS-AF-2017-Astrid-3	286	42	6	8	1	298	9		20		85	5	9	1	9	157
ITS-AF-2017-Astrid-4	332	26	7	2	2	244	4		23		63	6	12	4	15	173
ITS-AF-2017-Astrid-5	269	40	8	5	3	292	1		18		73	7	2	2	10	184
ITS-AF-2017-Aviso-1	268	21	6	2	1	265	1		12		67	2	36		11	261
ITS-AF-2017-Aviso-2	271	31	6	1	3	239	1		10		73	7	44		11	250
ITS-AF-2017-Aviso-3	284	28	8	3	4	282	2		5		63	6	34	1	5	246
ITS-AF-2017-Aviso-4	307	26	9	2	5	224	5		19		53	1	43		6	259
ITS-AF-2017-Aviso-5	286	27	6	1	2	247	4	1	15		61	3	37		7	262
ITS-AF-2017-Boston-1	296	27	10	5	3	273	4	1	24		67	9	22	3	10	171
ITS-AF-2017-Boston-2	330	34	5	3	2	259	3		15		65	5	21	1	13	183
ITS-AF-2017-Boston-3	313	43	5	4	3	250	8		22		69	10	39		16	151
ITS-AF-2017-Boston-4	308	31	2	5	4	260	3		24		67	8	23	1	10	180
ITS-AF-2017-Boston-5	291	19	8	3	5	245	2		21		59	8	26	1	16	212
ITS-AF-2017-Colvert-1	220	44	8		2	408	3		3		113	2	6		10	95
ITS-AF-2017-Colvert-2	259	37	3	3	2	358	1		3		114	4	6	1	8	89
ITS-AF-2017-Colvert-3	255	33	2	2	1	348	3	1	8		85	13	6		7	109
ITS-AF-2017-Colvert-4	267	40	7		1	361	2		9		94	10	5	1	9	106
ITS-AF-2017-Colvert-5	251	27	4	1	1	429	4		6		104	2	1		3	100
ITS-AF-2017-Expert-1	232	36	3	1		417	1		6		109	5	10		7	112
ITS-AF-2017-Expert-2	243	29	13	2		365	1		5		91	3	12	1	5	144
ITS-AF-2017-Expert-3	223	33	3	2	2	385	2		8		113	6	13	1	7	134
ITS-AF-2017-Expert-4	226	52	7	3		397	3		7		97	6	10		10	126
ITS-AF-2017-Expert-5	264	35	8	1	3	356	3		6		91	3	28	1	6	142
ITS-AF-2017-Major-1	300	39	3	2	4	271	3		6		80	10	5		6	183
ITS-AF-2017-Major-2	300	27	9	5	2	230	2		10		65	11	10	1	15	215
ITS-AF-2017-Major-3	305	31	8	1	1	245	7		7		67	7	12		7	177
ITS-AF-2017-Major-4	289	31	7	3		280	2	1	6		77	7	10		4	189
ITS-AF-2017-Major-5	300	25	11	1	1	274	3		7		85	7	12		10	176
ITS-AF-2017-Mohican-1	216	50	6	2	1	377	2	1	5		90	4	5		13	166
ITS-AF-2017-Mohican-2	233	43	8	1	2	342	3	1	2		111	8	10	2	8	160
ITS-AF-2017-Mohican-3	246	41	6	4	3	334	10		10		89	3	8	2	17	164
ITS-AF-2017-Mohican-4	253	39	6	3	3	333	2		6		96	3	5		13	153
ITS-AF-2017-Mohican-5	233	38	8	4	2	372	6	1	5		81	4	5		4	161
ITS-AF-2017-Tenor-1	259	35	5	3	1	353	6		13		85	16	3	1	12	153
ITS-AF-2017-Tenor-2	319	24	9	3	1	328	6		11		90	3	1	1	6	145
ITS-AF-2017-Tenor-3	293	38	6	5	1	324	5		12		77	6	3		8	151
ITS-AF-2017-Tenor-4	257	41	9	1		365	4		9		84	4	4		13	150
ITS-AF-2017-Tenor-5	299	42	3	4	1	353	4		17		68	9	3		12	120
ITS-AF-2017-Zorro-1	252	29	10	2		368	13		8		81	6	7	1	13	120
ITS-AF-2017-Zorro-2	236	42	9	9		359	8		11		86	3	6		9	146
ITS-AF-2017-Zorro-3	225	39	15	3	3	335	14		13		104	5	5	1	20	157
ITS-AF-2017-Zorro-4	239	36	6	1	1	370	5	1	4		91	4	4		10	174
ITS-AF-2017-Zorro-5	219	33	11	2	2	352	7		8		95	3	5	2	8	168
ITS-AP-NIC-D-1000													482			97
ITS-AP-NIC-ND-1000	15	20	14	6		221	13	39	20	5	61	4	20	3	3	74
ITS-AP-PIG-D-1000		53				149		1							30	70
ITS-AP-PIG-ND-966	71	25	21	7	1	265	27	13	13		62	3	1	6		134
ITS-AP-VEL2-D-1000						37							149			184
ITS-AP-VEL2-ND-1000	415	10	2			226	33				39	1				25
ITS-AP-Veluwe-D-1000	148												124			722
ITS-AP-Veluwe-ND-1000	158		55			4	7	6	2							599
ITS-AT-ARN-D-1000	54	53				145	176	22			36		170			122
ITS-AT-ARN-ND-1000							154									
ITS-AT-BOU-D-1000																
ITS-AT-BOU-ND-1000						33						596				
ITS-AT-DOM-D-1000													330			
ITS-AT-DOM-ND-1000			356										532			
ITS-AT-LM-D-1000																
ITS-AT-LM-ND-1000						385										
ITS-BI-JUI-D-1000								2								982
ITS-BI-JUI-ND-977	4							5								1040
ITS-BN-BOU5-D					231											
ITS-BN-BOU5-ND	46	19				144	127	1	2		25	5				407
ITS-BV-JUI-D-1000							602	48								211
ITS-BV-JUI-ND-1000	12	17	13	1		56	112	93			14				2	632
ITS-CB-ARN-D-1000																
ITS-CB-BOU-D-1000								8								
ITS-CB-BOU-ND-1000		10	18	12		108		15			91	119	2		9	
ITS-CH-ARN-D-1000	28	29		25		37			57			177			13	124
ITS-CH-ARN-ND-965		7	32	58	12			6	48	63		204		19		61
ITS-CH-BOU2-ND-1000												380				313
ITS-CH-DOM-ND-1000																1
ITS-EV-ARN-D-1000																930
ITS-EV-ARN-ND-1000																
ITS-EV-BOU-D-1000							91		34			228		30	30	317
ITS-EV-BOU-ND-1000	23											607				1
ITS-RS-C-D-1000						5	573									421
ITS-RS-C-ND-1000	21	10		6	2	136	77		1	1	26	2	1	2	1	523
ITS-RS-PON-D-1000	14					85			202			147			151	
ITS-RS-PON-ND-1000	54	1	44			7	230	3		7		10	1		1	574
ITS-SA-ANG-ND-704	44	17			4	184	224	21	3		44	4	161		1	130
ITS-SA-LM-ND-1000	72	6	2	2		42	12	1	1		6	2				268
CAL-FA-FA2012-1-ITS-17	2		1	5	4	2	41			37			131	1		18
CAL-FA-FA2012-2-ITS-22	4			1	12	2	330			32			54			17
CAL-FA-FA2012-3-ITS-38				1	9		12			4		1	10			5
CAL-FA-HI2012-1-ITS-14	3				7		143			50			122	1		28
CAL-FA-HI2012-2-ITS-21	8		2	11	33	3	181			3		1	186	2		112
CAL-FA-HI2012-3-ITS-36				1	8		35			20			238			13
CAL-JM-HI2012-1-ITS-12	8		1	4	3	2	4		11			1	7	2	2	8
CAL-JM-HI2012-2-ITS-24	1			1			1		2			1		1		2
CAL-JM-HI2012-3-ITS-36	2			13	1		1		15	1		2		5	1	6
CAL-JM-JM2012-1-ITS-15	2			5	1		5		4			5		2	1	6
CAL-JM-JM2012-2-ITS-21	9	1		2	1	2	2		4			2		2		17
CAL-JM-JM2012-3-ITS-34	8			22	6	10	17		35	1		14	13	5	5	19
FLA-CH-VI2012-1-ITS-na	2		4	46	3		6		398			22	6	2		49
FLA-CH-VI2012-2-ITS-na	36		35	25	3		13		276	1		24	7			206
FLA-CH-VI2012-3-ITS-na	42		77	22	1	3	15		155	3		17	21	2		354
FLA-FR-VI2012-1-ITS-na	22			94			5		6	1		7	517	8	7	150
FLA-FR-VI2012-2-ITS-na	27			116			3		20	3		9	422	13	8	141
FLA-FR-VI2012-3-ITS-na	27	1		94	3	7	18		4	7	2	15	396	7	14	144
FLC-FA-FA2012-1-ITS-11	3			11	11	1	40		4	11		2	161	3	1	44
FLC-FA-FA2012-2-ITS-24	2				7		20		1	10		1	411			32
FLC-FA-FA2012-3-ITS-37	4		3	7	28	1	132			23			189			47
FLC-JM-JM2012-1-ITS-13	2			6	1		2		2			2				3
FLC-JM-JM2012-2-ITS-25				2	1		1					3	1			3
FLC-JM-JM2012-3-ITS-32	6			5	4	2	3		11		1	3	4	1	2	19
RDB-FA-FA2012-1-ITS-13	5			5	24		232		1	82		1	117	1		16
RDB-FA-FA2012-2-ITS-27				5	1		20		1	53			447			10
RDB-FA-FA2012-3-ITS-33	6			4	18	1	292			49			41	1	1	32
RDB-JM-JM2012-1-ITS-14	15			3	1	10	24		7	1	2	1		4	1	116
RDB-JM-JM2012-2-ITS-22	16		3	24	5		21		27	3		3	13	12	6	14
RDB-JM-JM2012-3-ITS-31				3	2				1							
RDC-JM-JM2012-1-ITS-16	2			6	1	1	3		1				1	2	2	6
RDC-JM-JM2012-2-ITS-23	12		2	13	5		8		10			2	5	8	1	10
RDC-JM-JM2012-3-ITS-33	6			10	3		13		8			3	4	3	3	14
RDC-PC-PC2012-1-ITS-na	8			16	11	2	189		3	1		4	46		1	65
SES-FA-FA2012-1-ITS-18	5			3	8	1	247		1	38			82	1		22
SES-FA-FA2012-1-ITS-na	51		4	20	5	6	11	1	20	1		19	16	4	37	100
SES-FA-FA2012-2-ITS-29	17		1	10	8	1	100		3	13		3	187	1	1	105
SES-FA-FA2012-3-ITS-34	7			3	11	1	380		2	57		2	81			48
SES-FA-MB2012-1-ITS-na	63		1	37	6	1	10		30	3		23	19	13	37	81
SES-JM-JM2012-1-ITS-11	6			5	4	3	15		5	1			10	1	2	14
SES-JM-JM2012-2-ITS-26	7			1	4	4	9			2			14	1		27
SES-JM-JM2012-3-ITS-35	11		1	14	9	5	26		11	1		3	7	4	3	25
SES-MB-BM2012-1-ITS-na	1			1	4		9		2	8			581			5
SES-MB-FA2012-1-ITS-na					6		14		1	34			489			16
SES-MB-MB2012-1-ITS-na	80		2	27	5	4	5	1	36	2		24	15	9	40	70
ITSAF1						47	44				21					62
ITSHS3					122										126	241
ITSHS4	22		39													47
A01	1	6		3	3	65	10		5		8	1				49
A02	2	1			2	28	20				7	3		2		115
A03	1			4		7	4					2	1			44
A04		6		3		34	29		2		5	2			2	22
A05	2			2		24	4			1						31
A06	15	5		2		92	49		6	3	27	1		2		158
A07	3					28	9			10	2	1				52
A08	3	7				77	29		3	1	16		2			56
A09	1			1		12	8			3						13
A10	3	5		2		29	7				9		3			14
A11	12	17		1	3	195	44			7	41		4		1	49
A12	14						11		1			4			1	14
A12-S17	5	4			2	54	15			2	14					56
A13	6						7		1	1						19
A13-S29	3	23			1	139	81				28					33
A14							5									16
A14-S41	1	1		2	2	12	6				6	4	1			32
A15	2			1												13
A15-S53	4	6				47	30		2	14	10	1				87
A16	3						7		1					1		21
A16-S65	3	4		3		54	17			12	10	2	1	2		95
A17	3								2	2		3				41
A17-S77	11	20		3	1	139	46		4	3	40	1	3	1	1	186
A18	46					9	25		1			10		2	1	133
A18-S89	1				1	12	8			2	4		1			27
A19				2			3		1			1				15
A22	5			5			13		2			4			2	72
A23	4			1					1				5	1		47
A24	4			2			5					1		1		56
A25	16			2			4		1			2	1	1	1	105
A26	2						2					1				11
A27	6						1									32
A28	1															7
A29	7						2					3				70
AB01						3	14									1
AB02						4	5						111			3
AB10						5	17									2
AB11						1										1
AI11	19			4		69	77		2	19		11		1		114
AI12	23			4		79	99		4	38		8		1	1	95
AI13	19			5		63	81		1	1		7	3	1	1	98
AI21	16			6		76	97		3	2		12		2		138
AI22	19			9	1	52	85		3	2		10	7	3	1	186
AI23	16			5		76	121		2	5		11		1	2	150
AN01	22	13		4		117	36		5	9	22	1				99
AN02	22	17		8		122	42		7	5	33	4			1	107
AN03	16	11		5	2	128	52		1	3	23	3				129
AN10	15	25		5	3	131	53		2	12	41	5	2	2	2	94
AN11	14	14		3		136	46		3	3	19	1	2	2		80
AN12	13	10		7	3	77	23		2	3	24	2	1			75
AS01	19	6		2	1	141	27		4	4	26	2	1	1		90
AS02	24	21		5		127	43		1	4	35	1			2	105
AS03	19	19		2	1	125	35		4	7	26	5	1	2		122
AS10	14	17		3	1	123	70			7	29	4		4		94
AS11	9	8		6		103	24		4	5	17	6			2	77
AS12	8	16		8	4	127	46		1	3	38	2		3	2	104
C01	8	31		1	1	427	138			23	82	2				93
C02	7	31			3	341	246			8	79	2	9			120
C03	4	36		2		427	164			2	107			1		97
C04	12	21		1	2	370	84			6	77		6			271
C05	1	21				545	116			5	97		1			51
C06	11	24			2	328	202			41	64					140
C07	8	32		1		360	148			17	81	2				98
C08	13	29		3	2	363	133		5	56	83	1				118
C09	15	21		1	1	343	143		2	15	73	1		1		157
C113	28			17		55	102		3	5		8			1	168
C12	33			8		68	33		5	5		7		1		368
C13	14			2		51	49			1		4				406
C14	16			1		70	87		3	3		14			3	252
C15	3			17		49	39		12	1		15		6		66
C16	6			1		86	118					1		1		40
C17	11			9	2	51	98		7	4		8	10	1	1	47
C18	18			7		47	205		7			20	4	3	1	195
C19	16			8		8	24		3	3		25		3	2	705
C213	34			12	1	48	134		1	10		16	1	1	5	167
C22	26			1	2	41	80		3	1		9		1	1	277
C23	28			7	1	67	80		3	1		8	3	1	2	155
C24	27			13	4	44	42		8	1		8	2	2	7	239
C25	6			1	1	56	113					9	1		18	30
C26	12			1		30	121		3	3		6		1	1	448
C27	31			1		29	297		1			10	3	1	2	264
C28	12			5	1	60	49		3			3			1	181
C29	27			7	1	44	56		2	50		12		1	1	302
C313	23			9		46	147			16		9	2	2	1	174
C32	18			3		60	64					7			2	134
C33	15					73	94		1			2			1	54
C34	10			9		74	71		5	3		4			1	53
C35	12					16	56		1	1		1				473
C36	65			1	1	9	67		2			4			1	196
C37	31			3		65	116		4						1	106
C38	36					34	142					1				252
C39	17			5		54	55		2	2		7			1	96
C42	25					48	107			3		3			2	185
C43	20					33	151			30		1				205
C44	12			1		42	97			15			6			397
C45	9			4		14	88					2		4		98
C46	18			1		37	102					5				335
C47	12			2	1	34	112		1	1		6			1	267
C48	12				1	24	145					2	5			456
C49	50		4	6	2	34	71		6			7		3		441
CB01		25				218	134			19	60					237
CB02		9				156	190			12	36		333			48
CI11	23			4		59	167		3	2		7		1	1	122
CI12	30			5		56	112		1	2		10		1	1	208
CI13	17			7	2	79	102					8		2	1	148
CI21	35			15		49	92		3	1		11	7	5	1	166
CI22	33			12		42	72		7	8		17	14	1	4	263
CI23	29			14		44	102		3	12		15	2	2	1	153
CI31	15			5	2	46	82		1	6		1		1		142
CI32	20			5		34	99		2	9		2		1		107
CI33	12			1		44	122			4		4				86
CI41	27			4	1	43	85		1	1		4		1	1	158
CI42	22			3		52	112		3	3		8		1		175
CN01	26	25		21	2	335	103		1	6	79	3	1	1	1	148
CN02	18	27		15	2	352	115		4	29	74	6		2		115
CN03	30	33		33		317	127		5	6	69	6	7	1	1	128
CS01	36	28		20	2	310	116		4	11	66	3	1	3	1	207
CS02	34	25		21	1	343	115		1	5	73	7	2		4	131
CS03	40	30		16	3	320	96		4	13	78	3	2	4	1	167
IB01		43				218	200				59					6
IB02	5	50				459	166				59		31			8
IN01	83	33		82		374	110		1	1	74	19	3		2	56
IN02	94	28		122	2	300	131		7	4	77	22	11	1	1	63
IN03	106	31		108		307	124		4	1	72	14	6	2	1	70
IS01	70	38		100		352	111		5	3	81	12	11	1	1	73
IS02	88	24		99		317	122			5	81	20	5		3	65
IS03	110	38		88		377	98		1	1	70	17	4		2	66
X01	14	20		7	2	226	60		1	30	49	4	5	1		344
X02	8	27		5	2	343	164			16	69	3				174
X03	11	38		1	6	327	201		2	94	79	4		4	2	106
X04	2	28				419	131			23	69				1	54
X05	7	30		2	2	474	47			2	70	1	1			188
X06	14	46		2	3	399	122		2	3	91	3	1			147
X07	4	30				400	80		1	24	91	1	1			220
X08	3	32		4	2	340	147		1	6	83	1	4			135
X09	9	28		3	2	230	81			5	58	5	1	2	1	174
X10	6	26		2	1	336	191				102		3			123
X11	7	17		12	9	344	92		7	19	70	2		6	1	153
X12	9			10		50	67		6	7		23		2		70
X12-S86	17	18		9	13	293	139		3	6	64	2	3			175
X13	28			5		30	37		1			2	2		1	507
X13-S3	9	25		10	1	156	132		4	3	37	9	47	3	4	135
X14	10			2	1	31	53		2	34		3		9	1	526
X14-S15	8	28		2		369	129		1	12	86	3	1			88
X15	13					47	35					3		1		72
X15-S27	10	20		5	1	305	119		1	11	77	3	9	3		142
X16	6			1		52	96		2			6		2		118
X16-S39	18	36		2	4	411	106			4	93	2	1		2	97
X17	24			5		63	60		1	42		7	10		1	131
X17-S51	17	16		1	1	168	34		1	1	43	5	5	2	1	472
X18	22			1		68	86		2			5				256
X18-S63	16	37		3	4	348	98			18	81	6	1		2	157
X19	21			1	1	48	278			8		7			1	35
X22	6			4		71	86		1	102		6		2	1	37
X23	8			3		40	45		1	75		9	2	1		447
X24	20			4	1	55	62			1		8		2		248
X25	10			7		45	121		1			9			1	114
X26	10			2	1	60	150		1	5		3		1		150
X27	13					71	108			3		4		1	1	185
X28	17			5		79	47					7		2	1	343
X29	62			8	2	27	83		5	1		5		2	4	472
XB01	1	10			1	156	49			2	25		9			25
XB02		16				132	238			14	30		32			60
XB10	4	29				237	188			8	40		9			18
XB11		7				43	314				21		555			17
XI11	1			2			2		2							11
XI12	7			4		6	9		1	7		1				44
XI13	8			1			9					6	2	1		45
XI21	3			10	1		18		5					2	2	41
XI22	11			3		6	18		2			1				41
XI23	9			6		10	22		3	1		1		1		62
XN01	28	26		5		345	111		4	17	72	9			1	148
XN02	17	31		13	6	297	109		3	18	69	9	7	2	2	162
XN03	29	27		14	2	270	137		1	41	39	11	19	3	1	143
XN10	21	36		16	2	302	131		3	23	61	10		2	2	116
XN11	14	34		9	1	291	134			4	85	2	7	1	2	142
XN12	18	28		6		340	128		2	12	72	5	4		3	127
XS01	23	24		10	2	319	144		2	4	80	4		1	2	172
XS02	17	30		11	2	362	116			6	99	2		1	2	136
XS03	29	33		13		354	105		2	13	64	5		2	1	157
XS10	10	26		4	4	360	100			9	71	4	1	1		199
XS11	18	40		5		306	139		3	9	68	5	14	2	2	124
XS12	22	39		6	1	371	123		5	6	80	4			3	117
ERR2862023	41		3	112	3	12	46	27	19	1		7		1	6	55
ERR2862024	44			24	13	11	30	38	36	31		11		2	2	30
ERR2862025	46		31	8	71	5	22	35	95		7	3	23		6	34
ERR2862026	44		27	10	42	10	26	16	115		5	6	32	1	5	48
ERR2862027	52	1	3	1	59	2	18	29	1	4		1				161
ERR2862028	14				5	1	11	3	7	9		35		2		42
ERR2862029	47			2	29	2	21	12	42	7		35			1	229
ERR2862030	34				82	11	40	5	12	3		14				95
ERR2862031	491		9	2	3	3	2	104	34			1			1	119
ERR2862032	41			8	5		45	4	32					4	1	326
ERR2862033	63		5	110	15	4	98	54	133	1		1	132		5	33
ERR2862034	215			42	33		18	75	52			2	192	2		80
ERR2862035	278				8	1	1		135				16	141		104
ERR2862036	64			15	32				12	2		164	1	11		573
ERR2862037	102		20		12	1	5	2	30	2		1	1			338
ERR2862038	487				82	1			18	3		1	17			363
ERR2862039	220		85	1	17	3	93		49			1	12	1		32
ERR2862040	210				10	11	7		16		8	2				19
ERR2862041	200			2	5	7	40	70	150	15	6	11			2	17
ERR2862042	68		8	2	11	3	1		130			56				7
ERR2862043	96				56	6	32	180	197			19	138			25
ERR2862044	132				56	4	21	165	218			20	141	1		22
ERR2862045	116		8	6	35	4	1	110	203	5		21	72	2	2	22
ERR2862046	144			6	120	2	2	161	127			45	125		2	31
ERR2862047							434									1
ERR2862048	10				33		496									504
ERR2862049	53				1		346									422
ERR2862050	40					78	273									132
ERR2862051	58			1	154	7	159	12	45		1	32	19		3	87
ERR2862052	21				34	15	199	45	44		3	21	3	2	3	7
ERR2862053	18				16	15	38	1	12	28		7	20			5
ERR2862054	29	5		4	40	3	1	47	64	5	4	2	2	2	1	48
SRR10450124	14	8		34	5	66	32	4	18	5	10	4			3	34
SRR10450126				1	12	8				13		2				5
SRR10450128	2			5		4	11			20						13
SRR10450130	1				49	3	1			23		3		1	1	18
SRR10450133	42	6		10		45	2		3	100	6	11				343
SRR10450135	3	18		1		70				11	12	1	2			9
SRR10450136	21	16			1	80	2		4	6	21		14			18
SRR10450139				1	6	72	1		1	27	14		1			8
SRR10450141	8	8				51			1	7	10					6
SRR10450143	22	4		17	4	42	33			2	11					49
SRR10450144	12	1		8		25			4	36	6	8	2			244
SRR10450146	9	4		1	4	34				10		1	1			4
SRR10450149	14			7	43	11	9		11	46				2		207
SRR10450151	10			10	27	5	9		6	155				1		247
SRR10450153	9			21	51	8	17		5	198		3	3	5		122
SRR10450155	11	4		12		33				41	7	8				341
SRR10450157	8			6	22	4	7			238				1		125
SRR10450159	7			10	39	10	17			231		1		2		191
SRR10450161	9			4	18	11	8			25						135
SRR10450163	3				14	3	4			30				1		195
SRR10450165	10			2	6	5	10			35						180
SRR10450167	16	2		7	18	24	17		1	15				1		206
SRR10450170	7			51	1	3	52		13	14		3		1		366
SRR10450173	8			41	5	7	85		4	6		1	3			372
SRR10450175	5			29	10	4	86		6	4		3				443
SRR10450177	49	6		21		83	1		6	58	15	16	1			267
SRR10450179	4			30	3	4	49		1	6		1				152
SRR10450180	3			23	1	3	42		4	9		1	1			122
SRR10450182				20	3	3	42			7				1		143
SRR10450184	6			42	4	4	76		1	6				1		271
SRR10450186	4			56	5	11	146		6	3		1		2		297
SRR10450188	47	7		19		74			4	42	24	12				323
SRR10450190	22			17	13	6	49	3	2	13		3		4		447
SRR10450193	20			31	15	28	60		15	4		3		3		484
SRR10450194	31			22	13	29	86		11	1		6		1		504
SRR10450196	43			6	18	14	63		7	12		1	1			576
SRR10450198	52	2		6	20	11	71	1	3	12		3				573
SRR10450200	52			18	25	15	120		10	7		4		1		449
SRR10450202	47			10	33	18	153		6	11		3		2		445
SRR10450203	33	3		18	28	32	59	1	6	14		7		1		499
SRR10450205	32	1		21	22	16	85	3	7	12	9	7	1	3		473
SRR10450206	43	1		7		35	1		2	39	10					196
SRR10450207	42	3		2		28	2			41	7	3	1			231
SRR10450208	38	5		7	1	42	2			30	7		1			208
SRR10450209	42	14		16		113			2	67	35	3				247
SRR10450210	35	5		21		62	5		2	59	16	19		1		268
SRR10450211	60	8		13		108			2	78	28	7				224
SRR10450213	61	6		5	1	61	1		3	47	21		1			257
SRR10450217	65	7		11		67	3		1	55	17	1				242
SRR10450221	46					48										280
SRR10450222	108			16			26			6						226
SRR10450225	38	3		11	1	52	5			9	10	7				124
SRR10450227	39	6		10	1	44	1			7	14					111
SRR10450228	1			54	4	9	83		3	3		1		2		304
SRR10450230	107		12		15		45	31		20						157
SRR10450232	43			5	9	71	6	1		18			3			303
SRR10450233	62	4			11	59	11			23			7			236
SRR10450237	5			8	95	7	10		3	5			1			83
SRR10450240	8			11	25	5	2		4	10			9			139
SRR10450242	6			5	18	6	1			5			1			17
SRR10450245	4			7	9	3	9		4	30				1		71
SRR10450246	13			18	12	2	2		3	42			2			121
SRR10450248	15			9	9	45	10		2	2	10					27
SRR10450251	4			5	11	12	8		8	14						20
SRR10450253	8			10	11	8	7		2	13			1			17
SRR10450255	18			15		28	27		2	3					2	39
SRR10450258	8			38	2	5	18		6	9			7			238
SRR10450259	8			39		20	29	1	7				8	6	2	192
SRR10450261	64	9		13		71	1		4	46	16	3				271
SRR10450263	12			66	7	4	31		9	9		1		6		297
SRR10450265	6			22	2	16	8		4	2				3		30
SRR10450267	17			33	5	16	15		12	2				3	2	35
SRR10450269	10			28		9	24		1							95
SRR10450271	2			37	3	10	13		3			2	10	3		123
SRR10450274	3			44	2	10	11		3	5			1		1	89
SRR10450275	10			38	5	11	37		2	2		1		4		138
SRR10450278	11			11	5	24	36	2		12						21
SRR10450281				13	5	15	57		8	29		6		3		9
SRR10450284	54	5		15		52			4	80	14	11	3			278
SRR11639928	389						13	634								
SRR11639929	359				1		3	103								
SRR11639930	18						737	6								
SRR11639931					910		2									
SRR11639932	2						12	3								
SRR11639933							14	980								
SRR11639934					532		7	507								
SRR11639935	71		76			3	620	42								
SRR11639936	144		12				559	52								
SRR11639937	29					225	779									
SRR11639938	470						9	327								
SRR11639939	127						813	11								
SRR11639940							1009	15								
SRR11639941	449				3	176	164									
SRR11639942								915								
SRR11639943	33						3									139
SRR11639944	3				1		8	34								
SRR11639945	126		2				413	502								
SRR11639946							1048									
SRR11639947	461				2		417									
SRR11639948	3				2		6	138								
SRR11639949	719		107				24	25								7
SRR11639950							32	21								
SRR11639951							2									
SRR11639952	168						168	103								
SRR11639953	46				6		3	121								17
SRR11639954	2						17	1								
SRR11639967					53		11	39								
SRR11639978	9		3				54	30								
SRR11639989	25						91	12								6
SRR11640000	46				41	37	190									
SRR11640011	87						15	139								326
SRR11640022	45						130	13								
SRR11640033	7						408	1								
SRR11640044							7	47								
SRR11640059	9				35	32	192	153								
SRR11640070	106						459	23								
SRR11640078	53						173	20								
SRR11640079	62				48	50	276									
SRR11640080	19						95	4								
SRR11640081	18						51	45								
SRR11640096					21		356	27								
SRR11640107	248						230	31								
SRR11640115	4						19	2								2
SRR11640116	3						206	3								
SRR11640117	34				7		435	18								
TR1	118		2		153	52	8		8	140		6		1	1	109
TR2	128	4	3	1	138	53	7		12	123		11				117
TR3	112				47	212	4		4	89		4				124
SRR11919969																
SRR11919970																
SRR11919971																
SRR11919972																
SRR11919973																
SRR11919974																
SRR11919976																
SRR11919977																
SRR11919978																
SRR11919979																
SRR11919980																
SRR11919981																
SRR11919982																
SRR11919983																
SRR11919984																
SRR11919985																
SRR11919987																
SRR11919988																
SRR11919989																
SRR11919990																
SRR11919991																
SRR11919992																
0F1SS	66	1	50	5	1	44	127		17		26	1	6			226
0F2SS	53	2	51	15	11	49	165		17	3	11	4	34			228
0F3SS	45	3	27	6	5	71	84		14	1	11	1	10			209
0R1SS	66	3		3	4	9	42		24	7	4	2	5	1	3	241
0R2SS	67			9	8	3	23		17	5				1		219
0R3SS	62			2	8	9	35	1	16	4			9			189
1FC01FS	3					13	2									4
1FC02MS				1												1
1FC03FS							6									2
1FC04MS	1					3		1		11						
1FC05FS																
1FC06MS										1						
1FC07FS								1								3
1FC08MS										2						
1FC09FS																
1FC10MS					1					4						
1FD01FS	2	1				2	1			3						
1FD02MS										2						
1FD03FS	1															
1FD04MS	3					2				4						
1FD05FS	2					3				5						2
1FD06MS										1						1
1FD07FS						1	2			1						
1FD08MS										4						
1FD09FS							5									
1FD10MS	1					2				3						
1FN01-3FS	4						9			8					1	
1FN02MS																
1FN04MS										1				1		2
1FN05FS										3	1					
1FN06MS	1									1						
1FN08MS	1		3			2				11						
1FN10MS																
1RC01FS	2															1
1RC02MS	1						2									3
1RC03FS																
1RC04MS																
1RC05FS	3						1			3						1
1RC06MS	1									7	1				2	1
1RC07FS																
1RC08MS										6						
1RC09FS					30	2		1	1							1
1RC10MS																3
1RD01FS	5						4			2	3	1				
1RD02MS	7		1							1					1	
1RD03FS						1	2			2					2	2
1RD04MS										8				1		6
1RD05FS	1	7				27	12				12					6
1RD06MS										9						
1RD07FS	2		5							13					1	
1RD08MS							1			3						3
1RD09FS										3						2
1RD10MS																
1RN01FS										8					1	
1RN02MS										13						
1RN03FS	1									4						
1RN04MS										1						
1RN05FS	2									3					1	
1RN06MS										9						1
1RN07FS										2						
1RN08MS	4															1
1RN09FS																
1RN10MS	3									4						
2FC01MS	34	5		8	4	135			2	6		18			5	
2FC02MS	24			4	8	43			19						5	17
2FC03MS	9			16	1	13			6						3	4
2FC04MS	29			12					17	11	95	4			9	1
2FC05MS	28				3	48		12	5		8				2	25
2FD01MS	36	7			5	255	8	4	17			1			3	6
2FD02MS	48			3		18						6		11	6	10
2FD03MS	45			1		46			12	1		4			9	14
2FD04MS	50				77	14					29	3		1	9	6
2FD05MS	1					42		7		3	36	10	1		5	9
2FN01MS	12	36		2		126	23		10	3					1	24
2FN02MS	6					3									3	7
2FN03MS	18			19			3	1	71		38	4				10
2FN04MS	1				1				22	2		2			1	15
2FN05MS	18					49		1	7	2	24					43
2RC01MS	11			11		2	3	2	4	4	4					8
2RC02MS	10					6										8
2RC03MS						2						1			1	3
2RC04MS	8	3		19		3		1		2		7			8	12
2RC05MS	13					25			4							4
2RD01MS	33	59				27			4	10						
2RD02MS	7					10			1	7			1			
2RD03MS	2			7		45									1	2
2RD04MS	18				32	21			4	3				3		
2RD05MS	22					64									1	4
2RN01MS	30	5				13			3		6				8	33
2RN02MS						10				5	13					11
2RN03MS		24								6	6					
2RN04MS	10			4		34			5	14						4
2RN05MS	38					21			14		12	2			2	21