SampleID	Erwinia persicina	Pseudomonas fluorescens-1	Pseudomonas fluorescens-3	Pseudomonas viridiflava-2	Pantoea agglomerans-2	Cutibacterium acnes	Pseudomonas antarctica	Pseudomonas fluorescens-2	Stenotrophomonas sp	Pseudomonas poae	Pantoea agglomerans-1	Unclassified Clostridiales	Pantoea agglomerans-3	Pseudomonas viridiflava-1	Paenibacillus sp-1	Rhizobium sp	Pseudomonas viridiflava-3	Paenibacillus sp-2
S01-H0	8	14		8	12	17	4	1	2	1	32		11	9			12	
S01-H24				1	1						6		920					
S02-H0						11					3							
S02-H24		100				256	98				26		15					
S03-H0		1			1	2												
S03-H24		9				5	6				844		5					
S04-H0	37	9		1	21	19	9				196		45	436			9	
S04-H24		13			892	1	21							2				
S05-H0	6	2			3						723		28	77			77	
S05-H24	32	12			91	10	16		4		207	1	13	131	6			
S06-H0	21	1			12				2		38		189	19				
S06-H24	321	2		204		3	1				2		2	4				
S07-H0	8										34				8			
S07-H24	2	7									135		113	172	36			
S08-H0	58	6	8	1	20	81	2		4		104		37	5	6			
S08-H24		85		2	5	78	82				51		1					
S09-H0		53		9	3	53	44				13		1	1		6		
S09-H24		6				13	2								1			
S10-H0		4				20	4				2	1						
S10-H24		71	8		7	28	48											
S11-H0	3	21		2	1	53	27		3		16			6			10	
S11-H24		115				88	103				50	1	6	4	3	1	77	
S12-H0	52	10	54	3	47	2	1		4		213	25	69	20	72	2	11	3
S12-H24	1		3				1		1		681	4	9		50			
S13-H0	1	127				23	19	21	2		19		7			5		
S13-H24		859				29	9											
S14-H0		26				57	20				12							
S14-H24		161				70	78				13			2				
S15-H0	122	3		1	86	3	4		4		122	6	3	26	31	2		
S15-H24	2	2				2	3				163							
S16-H0	1	5				37	5		3		10					8		
S16-H24		12				6	13				437							
S17-H0	2	3		1		10	3				2					1		
S17-H24		78				44	20				3	5						
S18-H0	4	3		70	21				9		663	2			32		1	
S18-H24		5		304							1					1		
S19-H0		52	23	40	16	14	2				329	1	12	16	3		1	
S19-H24		1					1				6	4			55			
S20-H0		129		10		367	122				6						8	
S20-H24		22				18	17				2				1			
S21-H0		28		4	21	125	35				30		141					
S21-H24	1	15					2		1		7	3		2	26			
S22-H0	5	22		2	3	23	34		1		5							
S22-H24		45		5		24	71				10		281			2		
S23-H0	6	88			10	62	108				48							
S23-H24	1	25				103	46				101	1	50	4	15		5	
S24-H0		72				69	65				85		9				4	
S24-H24		8		5			2				220		19		3			
S25-H0	12			18	64						83	2	28	12	3	7	64	
S25-H24	4			10	15						9	4	14		24	6	19	
S26-H0	1												47				1	
S26-H24	5	1			77			1			259		21	15			10	
S27-H0		57				130	54											
S27-H24		87		9	3	148	80				7					5		
S28-H0											9							
S28-H24											2							
AST1a	8			1	1	77					409	1	3		4			
AST1b	11	2			2	68					5	35	34	35	68			
AST1c	36	2		44		120			4		69	21	112		31	1		
AST2a	49	2		1	3	103		1			37		3		2		10	
AST2b	103	19			5	262		132			47	2	32		21			
AST2c	270	6		21		51					225	1	15		6			
AST3a	456	2		5	1	4					29		7		4		6	
AST3b	167			2	3						683			2				
AST3c	44			3		4					46		525	8			12	
AVI1a	207	1		133		3			3		126	10	14	7	34			
AVI1b	11	6		14	5	4					753		6		4			
AVI1c	108										18				39			
AVI2a	174			1	22						118		75		16			
AVI2b	497			12	3	3					21	19			2			
AVI2c	34			3	32	18					195	2	3	1	19	1		
AVI3a					12	7					17				14			
AVI3b	42	1		1							56		19	19	13	1		
AVI3c	4	2		1		27		1			202							
BOS1a	40			4	4	3					72		11	39	4			
BOS1b	10	1		24		1					825		13		6			
BOS1c	5					3					187	1	296		10			
BOS2a	300	1		78	3						397	3	7		5		1	
BOS2b	203			1							77		631				3	
BOS2c	143			4							266		488		2		4	
BOS3a	271	2		3	3	32					105	1	12	4			1	
BOS3b	11			21		6					551		113				1	
BOS3c	17	2		6	2	9					813	1	2	1	3			
COL1a	45			20		91					285		47		14			
COL1b	89			10		11					801	2	4	4	19		2	
COL1c	221	3		25	2	35					61	4	3	6	13	2	1	1
COL2a	179	2		2	4	18		1			163	6	36	3	2		1	
COL2b	31	10		17	55	55			7		247	4	21	1	12		1	
COL2c	29	1		88	15	2					191	3	126	1	7	1		
COL3a	15	5		32	3	5			1		56	1	364	64	3		2	
COL3b	23	478		3		6					54		1	2	8			
COL3c	70			1		4					308		264	21				
EXP1a	5			53							330	1	222		9		1	
EXP1b	29			1	3						51		9					
EXP1c				7	405						557		6					
EXP2a	276	1			3	1					17		12	35	2			
EXP2b	9			7	2	1					674		5	2	3			
EXP2c	17	2		278	67	2			1		280		11	3	3	1		
EXP3a	339			5							245		14		2			
EXP3b	495			17	5	14					4	5	180		11			
EXP3c	27			9		26					630	5			1			
MAJ1a	61			12		16		3			523	4	5		14		1	
MAJ1b	365	1		4		12					225	7	1	1	1	1		
MAJ1c	654	2		4	1	7					49	7	15	3	5			
MAJ2a	12			14	11	4					477		123	6	9		10	
MAJ2b	74			6	5	44			3	1	314	1	9	4	55		1	
MAJ2c	29	57		2	4	6					566	6	9	2	3		1	
MAJ3a	13			7		3					784	4		16				
MAJ3b	79			171	10	9					135	2	9	6	18	1	1	
MAJ3c	404	2		174	2	4		1			56	1	24	3	12		21	
MOH1a	26			1	1	4				159	299		254				2	2
MOH1b	32	1		63	5					1	796	1	4		12			
MOH1c	150	18		29		5		2			124	9	6	10	27			
MOH2a	5	4		9	343						231	15	5	24	7			
MOH2b	24			45	45	2					525	7		1	4		15	
MOH2c	42			13	89	4					183	3	16	2	23			
MOH3a	60	1		2	3	4					95	1	2	8		1		
MOH3b	269			2		7					28	1	23	2	5			
MOH3c	204	24				2					715		4					
RAF1a	49	24		17	5						225	2	13	1	7		37	
TEN1a	23			1	526	3					272	6	4	2	3			
TEN1b	493	5		2	3			1			89	8	118	1	32			
TEN1c	366	1		1	6	1		1			154	2	189	3	17			
TEN2a	265	3		4	5	17		6			150	9	120		14	1	2	
TEN2b	37	7	28	3	12	56		1	4		50	5	32	1	6			
TEN2c	94	4		9	8	21		33			98	20	31	2	86			33
TEN3a	759			5				122					29	5			14	
TEN3b	85			1	13	30					32	5	10	54				
ZOR1b	467	5		28		7					15	4	5		82		5	
ZOR1c	333			1	3	3		2	42		279	1	8		1			
ZOR2a	24			11	12	2			3		754	16		39	63			
ZOR2b	26	14		11	15						285	49		65	23			
ZOR2c	24	2		2	4	4		8			755	2	97		17			
ZOR3a	9				968													
ZOR3b	334			1	15	25					58		4	5	3			
ZOR3c	109			10	12	9					93		3	2	1		3	
gyrB-Astrid-AF-1	9				298									16		6		
gyrB-Astrid-AF-2				13		7					26	2				7		
gyrB-Astrid-AF-3	3			22									18	110	23			
gyrB-Astrid-AF-4				9							8			17	4			
gyrB-Astrid-AF-5				9									12	32	1	13		
gyrB-Astrid-B1-1	64	1		24					4		108	5	2	139	3		20	
gyrB-Astrid-B1-2	22	272		5					1		58		13	6	2		1	
gyrB-Astrid-B1-3	29	23		35					12		289	1	76	6	3		12	
gyrB-Astrid-B1-4	32			12					5	2	151		23	3	6		40	
gyrB-Astrid-B1-5	84			5	5				38		48	5	92	14	9	8	41	
gyrB-Astrid-B2-1	45			31	6				11		369		72	69	26	2	17	
gyrB-Astrid-B2-2	11	5		7	27				1		479		167	67	3		47	
gyrB-Astrid-B2-3	146			55	2	1			1		93	2	33	10	1		3	
gyrB-Astrid-B2-4	66			3	64						492		18	2	5	2	4	
gyrB-Astrid-B2-5	22	13		19	28				7		181		107	305	3		22	
gyrB-Aviso-AF-1				9		1					10				8	20		
gyrB-Aviso-AF-2				104							9				1		91	
gyrB-Aviso-AF-3	3										35			18		15		
gyrB-Aviso-AF-4				508	6											7		
gyrB-Aviso-AF-5											8							
gyrB-Aviso-B1-1	215	7		15	9				6		178		27	41			47	
gyrB-Aviso-B1-2	12			11							798	1	7				64	
gyrB-Aviso-B1-3	61			63					4		336		19	9	6	3	6	
gyrB-Aviso-B1-4	33			19					21		463	1	4	62	2	4	2	
gyrB-Aviso-B1-5	15			4					35		721			5				
gyrB-Aviso-B2-1	17	60		3					2		220	1			8			
gyrB-Aviso-B2-2	67	2		67							212		79	28	2	2	54	
gyrB-Aviso-B2-3	16	7		37	5				4		141		32	24	1		11	
gyrB-Aviso-B2-4	25			50					4		138		413	181			11	
gyrB-Aviso-B2-5	25	14		64					6		204		51	20	4		86	
gyrB-Boston-AF-1											37			146		18		
gyrB-Boston-AF-2				49									6		2			
gyrB-Boston-AF-3				56		13					15							
gyrB-Boston-AF-4				7							7						19	
gyrB-Boston-AF-5				5		2					3							
gyrB-Boston-B1-1	16	6		46	404				1		236		15	18	5		83	
gyrB-Boston-B1-2	55			32	31				1		116		35	154			3	
gyrB-Boston-B1-3	145			60	36				9		275	1	139	8	5	2		2
gyrB-Boston-B1-4	7	160		222							88	2	38		5			
gyrB-Boston-B1-5	55	3		33							93	3	22	95			141	
gyrB-Boston-B2-1	52			41							461			118		1	23	4
gyrB-Boston-B2-2	43	2		27					1		335	3		39	6		175	
gyrB-Boston-B2-3	15	16		19	53				8		205		24	434	3	3	11	
gyrB-Boston-B2-4	186	77		53	6				4		310		18		1		14	
gyrB-Boston-B2-5	28			67	89				2		405			50	1		9	
gyrB-Colvert-AF-1						3					13			45	3			
gyrB-Colvert-AF-3																		
gyrB-Colvert-AF-4						5												
gyrB-Colvert-AF-5						7												
gyrB-Colvert-B1-1	20	1		32	137				8		246	1	41	61	6		20	
gyrB-Colvert-B1-2	48	2		12					2		263	1	241	1	4	1	2	
gyrB-Colvert-B1-3	12			37	15				11		597	2	11	29	3			
gyrB-Colvert-B1-4	33	47		11					1		599		91	6		2		
gyrB-Colvert-B1-5	48	42		171					9		271	1	156				8	
gyrB-Colvert-B2-1	40	13		86	16				15		187	1	15	7			25	
gyrB-Colvert-B2-2	16			34	12				20		606	1	76	4	2	1	2	
gyrB-Colvert-B2-3	43	53		40	39				104		59		38	35	1			
gyrB-Colvert-B2-4	81	4		14	47				7		316		13	44			78	
gyrB-Colvert-B2-5	29	2		19	33			1	3		199		9	130	2	1	35	
gyrB-Express-AF-1																		
gyrB-Express-AF-2						14												
gyrB-Express-AF-3																		
gyrB-Express-AF-4						4												
gyrB-Express-B1-1	21			3	48				2	4	593		23	11	2		22	
gyrB-Express-B1-2	48	4		4					3		461		263				12	4
gyrB-Express-B1-3	17	5		9		1			19		463			40	53		36	
gyrB-Express-B1-4	15			39	46				3		139	1	209	28	4			
gyrB-Express-B1-5	46	16		33					7		205		134	155	5	3	10	
gyrB-Express-B2-1	18	90		177	16				3		251		46	38	8		3	
gyrB-Express-B2-2	26			7					3		453		77	14		3	8	
gyrB-Express-B2-3	3			41					2		562		26	9			5	
gyrB-Express-B2-4	4			51							575		12	7				
gyrB-Express-B2-5	32			19					14		303	2	68	41		2	9	
gyrB-Major-B1-1	32	117		141	26						181	1	101	30	5		9	
gyrB-Major-B1-2	41	7		37					7		219		191	115	7		14	
gyrB-Major-B1-3	10			47	42				2		139		233	24	2			
gyrB-Major-B1-4	18	3		6					16		460			32	32		38	
gyrB-Major-B1-5	36			8							495	1	283				5	
gyrB-Major-B2-1	17				33				4		738		10	2			27	
gyrB-Major-B2-2	23			14	38			1	3		218			169	5		31	
gyrB-Major-B2-3	79	2		28	65				8		231		14	26		1	91	
gyrB-Major-B2-4	60	49		49	37				91		59	1	52	48	1	1		
gyrB-Major-B2-5	14			36	6				18		622		100	3			4	
gyrB-Mohican-AF-3						30												
gyrB-Mohican-AF-4						26												
gyrB-Mohican-B1-1	31	13		96	14				15		139	1	8	5	1	2	11	
gyrB-Mohican-B1-3	19	70							1		617		82	3				
gyrB-Mohican-B1-4	22	1		75	27				25		469		14	23	1			
gyrB-Mohican-B1-5	44	1		17							149	1	293	2	11		2	
gyrB-Mohican-B2-1	23	7		24	159				14		249		57	30	4		25	
gyrB-Mohican-B2-2	26			50	191				3		317			24	2		21	
gyrB-Mohican-B2-3	111	59		50	5				9		340		23		3		15	
gyrB-Mohican-B2-4	20	15		24	50				2		345	3	12	308		1	15	
gyrB-Tenor-AF-2						22					45							
gyrB-Tenor-AF-3						7					11							
gyrB-Tenor-AF-4						6												
gyrB-Tenor-AF-5						1												
gyrB-Tenor-B1-1	43			36							421	1		95	2	1	19	4
gyrB-Tenor-B1-2	50			40							113	1	19	49			228	
gyrB-Tenor-B1-3	12	168		188							141	1	33	9	3			
gyrB-Tenor-B1-4	113	5		64	37				9		314		100	9	3		3	8
gyrB-Tenor-B1-5	128			50	22				1		146		30	61	4		5	
gyrB-Tenor-B2-1	23	8		43	448				3		197		9	5	4		91	
gyrB-Tenor-B2-2	17	13		56					2		96		30	34	5	2	113	
gyrB-Tenor-B2-3	17			73					3		104		376	238			4	
gyrB-Tenor-B2-4	15	4		35	6				2		109		28	11	3		14	
gyrB-Tenor-B2-5	40	2		62							138		82	26	2	2	73	
gyrB-Zorro-AF-3						12												
gyrB-Zorro-B1-1	18	40		7							185	2			6			
gyrB-Zorro-B1-2	16			6					31		713	2		17	2			
gyrB-Zorro-B1-3	28			12					13		434			58	4	4	5	
gyrB-Zorro-B1-4	58	1		46					3		273	5	15	5	7	2	7	
gyrB-Zorro-B1-5	25			29							721		23				39	
gyrB-Zorro-B2-1	150	8		28	10				2		194		41	37			46	
gyrB-Zorro-B2-2	14	12		23	16				3		312	1	64	182	3		32	
gyrB-Zorro-B2-3	28	2		6	48						554	1	11					
gyrB-Zorro-B2-4	97			79							112	2	52	29	5	7		
gyrB-Zorro-B2-5	14	7		6	66				2		338		105	141	2	1	106	
gyrB-AF-2017-Astrid-1	32	2			2	1					5		12	21			3	
gyrB-AF-2017-Astrid-2				2	1	2					14		9	19		5	10	
gyrB-AF-2017-Astrid-3	12			1	2	5			1		10		32	15		3		
gyrB-AF-2017-Astrid-4						5					13		26	10	2	5	7	
gyrB-AF-2017-Astrid-5	1			1	53	3					9		10	1		1	4	
gyrB-AF-2017-Aviso-1	4	1			3						6		7	2		1		
gyrB-AF-2017-Aviso-2	2				3						6		3	1			5	
gyrB-AF-2017-Aviso-3	6	1		2	2	4							8	71				
gyrB-AF-2017-Aviso-4	8				4						11		2				2	
gyrB-AF-2017-Aviso-5	1	1				1												
gyrB-AF-2017-Boston-1						1					36			12		9	2	
gyrB-AF-2017-Boston-2											5		2	1		2	1	
gyrB-AF-2017-Boston-3	8				4						12		1	7		1	1	
gyrB-AF-2017-Boston-4	5			1							14			3		5	3	
gyrB-AF-2017-Boston-5	1										10			2		1		
gyrB-AF-2017-Colvert-1				1	5						12					1	5	
gyrB-AF-2017-Colvert-2	3			7	4	11					49		3	7		12		
gyrB-AF-2017-Colvert-3				2							13		2	12		3		
gyrB-AF-2017-Colvert-4	1			8		1					9		1	6		9		
gyrB-AF-2017-Colvert-5	2			5							10		4	8		3		
gyrB-AF-2017-Expert-1	22			1		2					40			10		2		
gyrB-AF-2017-Expert-2	645			1		1					5		24	3				
gyrB-AF-2017-Expert-3	25			3							8		4	4				
gyrB-AF-2017-Expert-4	232			2	3						8			11		1	3	
gyrB-AF-2017-Expert-5	5	8		2	40						41		35	19			30	
gyrB-AF-2017-Major-1	2			9	1						52		5	2		2		
gyrB-AF-2017-Major-2	5			4	3						40			5		2		
gyrB-AF-2017-Major-3	1			5	5						38		5	7		2	1	
gyrB-AF-2017-Major-4				10	3						63		8	5			5	
gyrB-AF-2017-Major-5				12	2						34		3	4		1	2	
gyrB-AF-2017-Mohican-1		1		1							2					2		
gyrB-AF-2017-Mohican-2				5		4					34		4	4		3	3	
gyrB-AF-2017-Mohican-3	2	1		14							12			11		4	2	
gyrB-AF-2017-Mohican-4	1			2							2		2	2				
gyrB-AF-2017-Mohican-5	3			4					1		8		3			1		
gyrB-AF-2017-Tenor-1				4	3						7				1	3		
gyrB-AF-2017-Tenor-2	3				4						4		4	30		6		
gyrB-AF-2017-Tenor-3	1								2		15	1	2	5		1		
gyrB-AF-2017-Tenor-4	1	3		3										1			2	
gyrB-AF-2017-Tenor-5	9				1						5		17					
gyrB-AF-2017-Zorro-1	1			5	1	1					26		3	173			3	
gyrB-AF-2017-Zorro-2											940			1			7	
gyrB-AF-2017-Zorro-3						2					220			4			3	
gyrB-AF-2017-Zorro-4	3			1							39		6	10		5	3	
gyrB-AF-2017-Zorro-5		1				1					64			1				
gyrB-1Bristol-F11	2			2							10		7			9		
gyrB-2Bristol-G11						1			6		26		5			49		
gyrB-3Bristol-H11	1										30					25		
gyrB-B13T5-B12						12											55	
gyrB-B13T6P1-C07				744		10			1		2		5					
gyrB-B13T6P2-D07	18				28								1				818	
gyrB-B13T6P3-E07	12					10					8		25				134	
gyrB-B13T6P4-F07	43					1										1	5	
gyrB-B13T6P5-G07	8					44					35						65	
gyrB-B13T6P6-H07						1					3							
gyrB-B13T6P7-A08	2				4	2					72						60	
gyrB-B14T6P1-H09	15				25						64		14				52	
gyrB-B14T6P2-A10	10					1					18							
gyrB-B14T6P3-B10	51					14					2						7	
gyrB-B14T6P4-C10	5					131	7											
gyrB-B14T6P5-D10	1	3																
gyrB-B14T6P6-E10	3				2	4			5		2		9					
gyrB-B14T6P7-F10						37					104							
gyrB-B19T6P1-G10	25										192		116			18		
gyrB-B19T6P2-H10						7					32		100					
gyrB-B19T6P3-A11					51	13					13							
gyrB-B19T6P4-B11	846											1						
gyrB-B19T6P5-C11	52					37					2	1					5	
gyrB-B19T6P6-D11	47																	
gyrB-B19T6P7-E11	482				44						18					10		
gyrB-B1T6P1-A09																		
gyrB-B1T6P2-B09				29		54					16							
gyrB-B1T6P3-C09													945					
gyrB-B1T6P4-D09	2	1			835	1												
gyrB-B1T6P5-E09	79	1				4					25		6					
gyrB-B1T6P6-F09	78				63	5					50					7	33	
gyrB-B1T6P7-G09											56						17	
gyrB-B20T6P1-B08	2																	
gyrB-B20T6P2-C08						1							3					
gyrB-B20T6P3-D08						22					65							
gyrB-B20T6P4-E08						17					7					8		
gyrB-B20T6P5-F08	6					7				3		2				12	33	
gyrB-B20T6P6-G08											500							
gyrB-B20T6P7-H08											915							
gyrB-B5T5-A12						9												
gyrB-B5T6P1-D06	25					2					35							
gyrB-B5T6P2-E06	56				4	10					11						72	
gyrB-B5T6P3-F06	33					1					37					13	118	
gyrB-B5T6P4-G06	22					10					4						28	
gyrB-B5T6P5-H06													11					
gyrB-B5T6P6-A07	14					10					2		14				2	
gyrB-B5T6P7-B07	14										23		4			2		
B14-1	47			34	28	30		91	169		21							
B14-2	1	4						473	29		84							
B14-3		13	6			33		218	83		47			8	12			
B22-1			961								1							
B22-2	1		958					1			1							
B22-3			970															
B28-1			922					1			1							
B28-2			977			1					1							
B28-3			962															
B35-1			952								1							
B35-2			957															
B35-3			962								1							
B42-1			946															
B42-2			951															
B42-3		1	912		1						3		1					
R-39-1	5			1							405							
R-39-2	53			88	136						455	2	26					
R-39-3				127		2					38							
R18-1	3																	
R18-2	83		3	178				1			393				2			
R18-3	358		5	478		7					121							
R25-1											148							
R25-2			1					1			250							
R25-3				56							1							
R32-1	293			3				4	1		246							
R32-2	2										4		45					
R32-3											885							
R46-1	12										600	1						
R46-2	41			13							1		17					
R46-3		2									36		923					
R53-1	1			8							874		4					
R53-2	1		552	6				309	1		2		26					
R53-3	1			1	307	3			1		30	2			7	2		
R67-1	535		54	2				1	7		251			9				
R67-2	72	10	69	26					1		444	7			40			
R67-3	8		3	11	28						39		6		5			
AB1	6			14							530	2	15					
AB2				46	316						399		17		4	1		
AB3	1			242							417		47					
AB4				246	7						236	1	140					
AB5				63	2						265		655					
AB6				37	9			4			675			1				
AB7	74			468				1			173							
AB8	26			63	6						802		7					
ABAI1				510	12				12		328		8		1			
ABAI2	1			294					1		43		21	6	38	12		
ABAI3				191							685					1		
ABAI4	1			856	33						81				2			
ABAI5				760							93							
ABAI6	10			85	11						445		14		1	3		
ABAI7	1			467	6				7		106		193	1		1		
ABAI8	57			55	3				1		147		282		1	3		
AI1				451							493							
AI2	1			396		2					369		12	1				
AI3	15			24							548	1	19		5			
AI4				5							951							
AI5	1			351	56						179		21		1			
AI6				19	2						374	1				1		
AI7				8	30						48		858					
AI8	1			74	6						417	4	26		1	1		
CA1	5			202							364		140					
CA2	219			244							72		6			1	83	
CA3	3			145							815		4					
CA4	20	85		45					2		461							
CA5	4			8							940			4		2		
CA6	1			36					1		391		3	3				
CA7				6							28		2					
CA8	2			739					9		101		19	1				
IAB1	5			471	2						203		23			2		
IAB2	8	3		336	37						347		30					
IAB3	4			174	26						368		149	14	1	8		
IAB4	8			189	2				3		430		109					
IABAI1	3			46	5						432		11		4			
IABAI2	9			155	2				1		439		245	1				
IABAI3	27			150	5						441		211					
IABAI4	1			219	8						557		115		2	2		
IAI1	1	36		306	2						527		11					
IAI2	41			116	3				2		486		30	5				
IAI3	38			110	1						173	1	570	2		1		
IAI4	10	5		298	1						226		99			1		
ICA1	8			169	3				1		301		241	5		1		
ICA2	3			137	175						196		19					
ICA3	26			83	16						220		65	1		1		
ICA4				106							516		12			4		
gyrB-AP-NIC-D-1000					757							2					1	14
gyrB-AP-NIC-ND-1000					142			1			80		32	13			38	
gyrB-AP-PIG-D-1000								93		10	35	5						44
gyrB-AP-PIG-ND-966	1		4		31			46		3	51	1			12		65	18
gyrB-AP-VEL2-ND-1000			127			81		75		50		101						402
gyrB-AP-Veluwe-ND-1000	82				302	9		12			462							8
gyrB-AT-ARN-D-1000	1				97		6	175	11	16	370	29		29				142
gyrB-AT-ARN-ND-1000				11				166		3	4	39		11	13		95	322
gyrB-AT-BOU-D-1000			142			83		24		16		126						561
gyrB-AT-BOU-ND-1000								159			2	86						547
gyrB-AT-DOM-D-1000			18			23		46		62	14	80						721
gyrB-AT-DOM-ND-1000			81			59			48	8		96						533
gyrB-AT-LM-D-1000	7	52	29			32		266		48		113						415
gyrB-BI-JUI-D-1000			1		390						211		75				2	5
gyrB-BI-JUI-ND-977					234						485		47	1				
gyrB-BN-BOU5-D	92					67		371		41		107						310
gyrB-BN-BOU5-ND	278	80		4	8				2		117		7	40	2	7	10	2
gyrB-BV-JUI-D-1000					223	11		21		1	502	9	47	9				64
gyrB-BV-JUI-ND-1000			6		228	2		17			104	4	570	1				11
gyrB-CB-ARN-D-1000	68					70		111	16	39	3	53						526
gyrB-CH-ARN-D-1000	36		10	45				238	37	58		41						265
gyrB-EV-ARN-ND-1000		105						23		15		115		125				449
gyrB-EV-BOU-D-1000			10	12	106	15		87		5	125	96				10		424
gyrB-EV-BOU-ND-1000					4	18		51	118	9		83		127				468
gyrB-RS-C-D-1000	8			13	17				15		907			2			7	2
gyrB-RS-C-ND-1000	9			23	4			6			534		115					
gyrB-RS-PON-D-1000						17		106		29	639	10						113
gyrB-RS-PON-ND-1000		2						4			726	1				9		11
gyrB-SA-ANG-D-1000			40	24	305		4	131	16	65	75	60						224
gyrB-SA-ANG-ND-704					114						782			7			6	9
gyrB-SA-LM-ND-1000	70	8		21	1						175		40	74		1	270	
HJ12-S-2	71				16						91		19					
HJ12-S-4	31					5					12							
HJ12-S-5	15					6					11							
HJ14-S-5	574	26									140							
HJ18-S-1	5					2												
HJ18-S-2																		
HJ18-S-3											16							
HJ18-S-4											18							
HJ18-S-5	342										380		139					
HJ42-S-1	318	8							61		175		57					
HJ42-S-2	31								1		309		87					
HJ42-S-3	607			20							210							
HJ42-S-5	63										9		5					
R15-S-4	110																	
R15-S-5	13																	
R18-S-2					51								44					
R18-S-4													996					
R18-S-5	90																	
R21-S-1																		
R21-S-4							1				113		2					
R21-S-5						10							40					3
R24-S-1						1					6							
R24-S-2											83							
R24-S-3											29		33					
R24-S-4						26							20					
R24-S-5	861																	
R28-S-1	27		50	18	5	1		15	3		122		597	3				
R28-S-5	351																	
gyrB-01-a-A07						2					46							
gyrB-01-b-B07	7	8			66	1					69							
gyrB-02-a-C07						25					3							
gyrB-02-b-D07		1				53					75			11				
gyrB-03-a-E07																		
gyrB-03-b-F07											42							
gyrB-04-a-G07						9												
gyrB-04-b-H07		4				25												
gyrB-05-a-A08																		
gyrB-05-b-B08																		
gyrB-06-a-C08																		
gyrB-06-b-D08											2					1		
gyrB-07-a-E08											1							
gyrB-07-b-F08											1							
gyrB-08-a-G08																		
gyrB-08-b-H08																		
gyrB-09-a-A09																		
gyrB-09-b-B09																		
gyrB-10-a-C09					3	4												
gyrB-10-b-D09					1						1							
gyrB-11-a-E09						18					7							
gyrB-11-b-F09					1	53					7							
gyrB-12-a-G09		510				3					1							
gyrB-12-b-H09		577				1					1							
gyrB-13-a-A10		429			2	7												
gyrB-13-b-B10		528				20					2							
gyrB-14-a-C10						6					15		95					
gyrB-14-b-D10						2					4		272					
gyrB-15-a-E10		29				4							74					
gyrB-15-b-F10		44				9					2		290					
gyrB-16-a-G10		82				9							82					
gyrB-16-b-H10		66				22					8		241					
gyrB-17-a-A11						53												
gyrB-17-b-B11						374												
2014-A12	17			40	161						392		33	4				
2014-A13	32	1	1	23	129				5		204		77	12	6			
2014-A14	56		6	41	71				1		610	2	24		7	1		
2014-A15	34	1		105	33						565		212		19			3
2014-A16	30	10		130	80				1		499	1	86	2				
2014-A17	69			29	7			8	1		497	1	155	8	4	2	36	
2014-A18	34	4		2	39						814		39		1	1		
2014-A19	40		1	74	19						449		208		4		1	
2014-X12	84			80	98			22			292	2	186					
2014-X13	18	6		59	216			1			531		73		2		1	
2014-X14	11			46							560	7	49		56			
2014-X15	46			116	61				2		384	1	286		1			1
2014-X16	92			119	3			1	73		298	3	61	2	13			
2014-X17	20			96	3						319		530					
2014-X18	101			39	1				1		323		238		1	3		
2014-X19				232							606	6	78	3	60			
A01	41			150	21						443	1		1	11			
A02	27			48	4			1			697		76				2	
A03	29	1		95	82			78	2		480		67	10	7		8	1
A04	10	67		43	14			1			311	1	9	10	5			
A05	28	19		60	43						259		177	3	3			
A07	16	2		59	29				20		464		167	33	7		1	
A08	12	11		59	21			2	8		304		164	3				
A09	59			97	46				1		412		6			1		
A10	8			1	24			224			133	4	89	417	4			
A11	16	1		39	6			17	6		475		20		1			5
A12	16	4		10	18			25	2	5	160		253	2	6			
A13	7			35	79						434		57	3	1			
A14	47	1		16	42			1	1		553	3	28	3	11	1	7	
A15	15	12		43	40			25	6		489	1	67	1	1			
A16	33	8		33	19			1	4	1	374	5	25	38		1		
A17	18			36	31			30	3		452		60		10			
A18	5			27	17				1		508		22	5	6			
A22	16	5		205	20						589		91		4			
A23	22	30		12	37				32		445		250	2	2			
A24	42	10		98	7						641		88		34			
A25	59			167	55				2		363		97		10			
A26	276			186	5						310	1	150		2			
A27	32			3	62						325	2	108	2				
A28	38			102	24						702	4	77		6			
A29	101			118	10						274	3	243	37	3			
AB01	19			39							748		13	8				
AB02	1			22					16		574		355					
AB10	12	6		52				35	1	4	134		472	5				
AB11	44			14	271			17			306		167				1	
AI11	32			109	124						436		42	3	3			1
AI12	10			24	66				4		628		124	5	1	1		
AI13	28			213	19			18	18		420		26	16	2			
AI21	95	6		54	22				6		299		167	14	1	3	1	2
AI22	20	2		59	13						671	2	21	3				
AI23	30			158	25			44			458	1	50	12	4			3
AN01	12			62	15			28	1		177		166	218	5		6	
AN02	17			99	3			24	1		480		88	9	3		2	
AN03	10			57	14	2			9		324	2	140	36	6			
AN10	33			43	9			25	6	4	579		118	14	1			
AN11	118	2		59	5			150			325		77	11	3			
AN12	56			84	2			25	1		517		166	30	1		3	
AS01	14	3		63	1			19	1		632		33	13	1			
AS02	7	3		62	5						645		65	9	2			
AS03	11			26	35				8		633		29	52	4		1	
AS10	7			121	10			26			446		63	152	4		2	
AS11	3			87				6	2		359		342	20	2		7	
AS12	8	11		290	11			21	3	1	198		52	16	14		1	
C01	16			70	43				2		657	2	31	1				
C02	11			34	102				2		385		170	19	6			
C03	19			119	52			6			545		26					
C04	7			40	138			36	1	12	306		78		1		1	3
C05	42	60		64	23			12	4		433	3	73	6	10		18	
C06	47			63	130				4		478	2	24	7	1			6
C07	20	3		72	29			1	1	131	368		95	23				6
C08	18			41	60				5		275	2	29	16	1	1		
C09	21			53	16				3		194	1	39	12				
C113	4			31	13				3		706	7						
C12	48			60	91			34			347	3	27			1		
C13	48	18		46	44						260	4	78	1	5		3	13
C14	5			17	1			43	5		126	3	5					
C15	4			205					3		154		9		1			
C16	38			118	189			3	1		326	2	127		2			1
C17	4			120	179				1		521	1	17	6	4	6		1
C18	20			13	37			89			276	1	167	22	3			
C19	46	2		149	134				3		448		10		13			
C213	27			65	2			12			185		74	119	4			
C22	51	4		129	62						557		110		1			
C23	169			38	5				178		96		99	98				
C24	163	34		115	26			31	1		160	1	102	7	1			
C25	234			301					1		157		65			1		
C26	33			80	114						493		76		1			
C27	55			408	6						332	1	25		7			
C28	15			39	57						663	1	38					
C29	40			18	11						686	1	90	74	1	1		
C313	19			163	2			36			350	1	34		3			2
C32	102			55	19						233	1	77	1				
C33	47			32	22						335		204	13	6			
C34	7			165	5						419		61					
C35	8			43	59						182	1	116		2			
C36	64			11	22						321		129					
C37	4			1	10				1		477		31					
C38	36			1	21						286		104		10			
C39	25			16	4						232		43					
C42	38			23	130				2		552		63		6			
C43	52			44	528				13		155		85					
C44	48			264	36						220		78		6			
C45	56	12		617	6						48		6		4			
C46	61	1		42	35						349	2	237		3			
C47	5	3		36	36				1		589		97					
C48	125	2		8					9		612		104			3		
C49	35	4		36	26				7		124	1	308		1			
CB01	199			156	143						124	1	80	18			2	
CB02	18	12		10	162						294	1	19	59				
CI11	40	4		108	3			3	1		566	2	136	4	2	1		3
CI12	47			207	40			5	3		350		34	67	2	2		1
CI13	32			177	14				2		506		46	40	6	1		
CI21	72			126	56			16	3		558	5	22		31			
CI22	27			119	70			3	26		404	1	143	46	4	1		
CI23	32			65	15				23		390		194	13	3		6	
CI31	30			104	126				1	1	449	2	35	5	1	1		
CI32	49			134	60				1		467	2	96	5	1		1	
CI33	31	2		404	4						288	5	70	5	12	1		
CI41	26			100	25				5		607		62		1	1		
CI42	28	4		339	56				3		248	5	102	1	1	1		
CI43	11			63	43				3		608	2	23				8	
CN01	22	25		58	7			12			559		109	40				
CN02	22	10		54	12			28	4	1	424	2	69	36	2	1	1	
CN03	10			31	63			3	6		332		38	9	2			
CS01	21			36	32						291		27	3	1		5	
CS02	6	1		37	12			91		2	318	2	21	304	7		3	6
CS03	19	1		81	23		1	15	3		433		149	11	5		2	1
IB01	10	11	2	28		4					424		280	35			3	
IB02	98	6		84	3						13	1			2			
IN01	7			56	13				4		424					2	217	
IN02	28	4	2	96					7		480			18	7		15	
IN03	9		1	73							160	2	13	2	6		22	
IS01	3			42	19						16	1		3			10	8
IS02		1		17	26				1		243		5	197				
IS03		7		30	72						451			3	1		44	
X01	20			24	21			6	10		682		34	34				
X02	8			9	1			484	1		400		33	1		2		
X03	31			37				4			356	1	148	1	1		12	1
X04	24			110	23				7		425	10	58					
X05	36			272	12				1	3	479		23		7		1	
X06	11	2		61	105			69			489		39	20	1			
X07	6			5	62						424	1	138	4	1			
X08	38			7	22						382		60	5	14		61	
X10	8				1			5	1	2	423	1	170	250			1	
X11	36			32	4			31	2		387	2	147	94	1			
X12	24			219	52			1	3	1	397		67	4	1		1	
X13	22			12	27						431		80	39	7		150	
X14	23	19		84	70						387		132	5	1	1		
X15	39	1		111	1				2	1	249	3	139		33			
X16	33	1		95	57				3		528	1	94		1	2	4	
X17	12	12		50	19			2	7	11	508	1	128		1	1	13	2
X18	12			152	9			12			186		316		8			
X22	40	1	3	251	52						527		15	8	2			
X23	44			32	5				8		396	1	63	64	2	1	3	4
X24	27			74	54						429	1	163	2				
X25	61			94	1						493		56	5		5		
X26	10			165	8				8		503	1	22			1		
X27	13			275	21						401		165		7		8	
X28	154			159	5						320		10	23	3	2		2
X29	12	1		158	4						744	3	49					
XB01	10	25		97	8				5		482	1	6	115	2		3	
XB02				67	27				28		590		12	121			10	
XB10	44			86	1		1				236		398	22				
XB11	60			60	51			2	11		469		45	3				
XI11	61			75	18				3		587	1	71	1				
XI12	90			119	95						331		20	32	6		2	
XI13	97			95	72			13	3		455	1	130	5	1			
XI21	60	4		52	17				1	1	738		23	2	3			
XI22	91			360	17				1		345		71	2	6	1		
XI23	92			193	120				2		305	1	116	2	1			
XN01	8	3		114	100			11			571		39	6			12	
XN02	19	1		25	15			2	1	8	413		36	333			5	
XN03	7	5		60	35			36	12		366		97	48	7		16	
XN10	7			30							399	1	45	16			4	
XN11	5			32	103				23	1	567		32	15				
XN12	1			63	8				4	11	300		215	29		1	3	2
XS01	8	1		98	28			57	4		377		169	7	2		16	
XS02	2	1		45	8				8	2	653	1	32	13	4	1		
XS03	10	1		215	4				23		170	1	35	111	4	1	16	3
XS10	8			60	16					2	246		332	8	5		8	
XS11	2	15		62	18						434		89	24	2		2	
XS12	5	7		68	2			2	2	1	308	4	101	6	17		88	
V3C1-gyrB	141			12	198						417		6		7			
V3C2-gyrB	62				16						683		101					
V3C3-gyrB	1				70						789		17					
V3G1-gyrB	8			8	14						25							
V3G2-gyrB				40	101						518		73					
V3Sa1-gyrB	319			14	30					3	120		57	69	1			
V3Sa3-gyrB	279				85						69		12		2			
V3Sb1-gyrB	170			17	23						412		153	84			2	
V3Sb2-gyrB				2	631						143		35	2				
V3Sb3-gyrB	98			1	135						408		180				47	
V3Sc1-gyrB	15				33						358		275					
V3Sc2-gyrB	31				34						20		536				1	
V3Sc3-gyrB				491	17						459		5				3	
V3Sd1-gyrB	6			11	6						214		731	1				
V3Sd2-gyrB	123			188	203						81		391	2	1			
V3Se2-gyrB				96							123		566	23				
AG1-B	315	3		61	28					3	339	1	97	7				
AG2-B	469			65	8						258		26	9	4	1		
AG3-B	63			139	26						588	3	62		2			
AG4-B	199	2		193	21				1		80	1	33	20	1			
AG5-B	162			21	16						274		46	112	3			
AG6-B	167	4		62	19				2		216	1	52	32	14			
AG7-B	101	9		132	18						323		45	42			4	
AG8-B	131	8		78	13						366		42	81	2		8	
CG1-B	58			198	19			3	15		141	1	156	94				
CG2-B	6	5		122							784		38	6	1			
CG3-B	14	1		120	7						770		31	11				
CG4-B	16			15	306						164		241	183				
CG5-B	12			95	13			2			278	6	395	96	21			
CG5-F	61			251				8			347		98	47	4			
CG6-B	82			9	2						199		5	119				
CG7-B	17			60	6			1			238		258	88	13			
CG8-B	17			58	9			1			226	1	242	108	6	1		
XG1-B	52			115	3			16	1		610		105		1			
XG2-B	193			112	30			11			265		20	1	2	1		
XG3-B	90			114	8			8	1		531		68		1	1		
XG5-B	18			31	4			1			861		6	1	4	1		
XG6-B	158			186	45						358		72	21	2	1		2
XG8-B	8			142	67						572		50	6	2			